-0.125664 -1.53894e-17 99.9999
-0.235855 -0.0278297 99.9542
-0.36764 -0.0339758 99.9659
-0.476535 -0.104233 99.9878
-0.55181 -0.252337 100.042
-0.622859 -0.371265 100.034
-0.641546 -0.54105 100.018
-0.642569 -0.716776 100.073
-0.591026 -0.909409 100.056
-0.542725 -1.08806 100.13
-0.486592 -1.2469 100.072
-0.30251 -1.41236 100.079
-0.142149 -1.5607 100.032
0.090574 -1.68607 100.036
0.3664 -1.78035 100.035
0.63157 -1.84965 99.9776
0.919719 -1.8697 99.97
1.20417 -1.8551 99.9891
1.53455 -1.77031 100.009
1.85922 -1.6358 100.032
2.15278 -1.48098 100.081
2.44201 -1.23549 100.079
2.71411 -0.984596 100.084
2.94223 -0.669306 100.103
3.121 -0.324131 100.089
3.27309 0.0772297 100.07
3.35595 0.50558 100.087
3.37436 0.964791 100.103
3.35058 1.42482 100.075
3.23142 1.94514 100.033
3.08543 2.40724 100.071
2.85127 2.85517 100.032
2.5456 3.30812 100.017
2.18593 3.71298 100.048
1.78963 4.05969 100.035
1.29405 4.37624 100.076
0.792644 4.62674 100.05
0.214986 4.80869 100.01
-0.377681 4.91837 100.009
-1.02086 4.95665 99.9941
-1.672 4.90337 100
-2.29347 4.76518 99.9316
-2.94995 4.53673 99.9426
-3.59784 4.22532 99.8895
-4.20122 3.80112 99.8066
-4.73012 3.35109 99.8523
-5.19155 2.83436 99.7828
-5.63138 2.18602 99.83
-5.9902 1.46179 99.8493
-6.24795 0.750612 99.8238
-6.40756 0.0209216 99.7756
-6.4761 -0.805679 99.7835
-6.42474 -1.67785 99.7563
-6.27525 -2.50268 99.7259
-6.01374 -3.3268 99.7661
-5.64993 -4.12362 99.736
-5.16447 -4.89575 99.7667
-4.55159 -5.62209 99.7776
-3.86416 -6.27582 99.8165
-3.12081 -6.81455 99.8006
-2.28293 -7.25964 99.7724
-1.34962 -7.60258 99.7509
-0.36817 -7.8274 99.7669
0.626222 -7.9419 99.7335
1.62746 -7.93561 99.7147
2.67408 -7.78762 99.7282
3.71129 -7.4928 99.7194
4.69735 -7.07588 99.6947
5.64277 -6.52243 99.7436
6.53371 -5.82867 99.7827
7.29527 -5.05729 99.7317
7.99085 -4.16748 99.7606
8.57736 -3.2074 99.7561
9.02525 -2.14993 99.7276
9.35024 -1.00242 99.7327
9.54128 0.19341 99.7202
9.55942 1.41995 99.709
9.42622 2.64473 99.6854
9.1308 3.84846 99.6686
8.69391 5.0166 99.6181
8.1004 6.13628 99.5908
7.36679 7.20826 99.6283
6.49508 8.15598 99.5811
5.49256 9.04413 99.6252
4.37039 9.77744 99.5992
3.19173 10.3454 99.5263
1.88329 10.788 99.5039
0.531923 11.0612 99.5014
-0.832943 11.1672 99.4736
-2.2692 11.0796 99.4511
-3.68439 10.8187 99.4129
-5.02311 10.3928 99.4061
-6.37226 9.79512 99.3684
-7.64254 8.9851 99.3635
-8.81416 8.04219 99.306
-9.83208 6.98202 99.2741
-10.744 5.74207 99.2513
-11.4766 4.41152 99.2073
-12.0512 2.98644 99.2455
-12.4672 1.46704 99.2364
-12.6748 -0.101527 99.2016
-12.6573 -1.70221 99.1417
-12.4668 -3.29214 99.1469
-12.0565 -4.87941 99.1369
-11.4462 -6.41716 99.1352
-10.6549 -7.85034 99.1097
-9.65892 -9.22488 99.1025
-8.47482 -10.4764 99.1206
-7.13935 -11.5821 99.1058
-5.66304 -12.5119 99.1064
-4.08919 -13.2383 99.0668
-2.41554 -13.7529 99.042
-0.672287 -14.065 99.0641
1.11258 -14.1679 99.0146
2.91567 -14.0397 99.0204
4.69639 -13.689 99.0126
6.46397 -13.1048 99.0338
8.13913 -12.2944 99.0451
9.72206 -11.2586 99.0678
11.1665 -10.0096 99.0453
12.4164 -8.63448 99.041
13.5176 -7.07781 99.0438
14.4217 -5.40315 99.0161
15.1 -3.59498 98.9837
15.5542 -1.69213 98.9926
15.7826 0.31554 98.9397
15.7237 2.36577 98.9062
15.4303 4.30519 98.8573
14.8846 6.2367 98.8386
14.1076 8.0967 98.7645
13.0753 9.89754 98.7758
11.852 11.5069 98.759
10.3961 13.032 98.778
8.78107 14.3183 98.754
6.9811 15.4357 98.7321
5.02686 16.2952 98.6895
2.96576 16.9234 98.638
0.826645 17.2863 98.6195
-1.35758 17.3719 98.5836
-3.50304 17.1783 98.5689
-5.66141 16.7217 98.5175
-7.73125 15.9893 98.489
-9.75213 14.9951 98.4482
-11.6445 13.7367 98.4086
-13.3769 12.2578 98.3604
-14.9215 10.5441 98.3466
-16.2174 8.67423 98.2961
-17.304 6.58824 98.2629
-18.1055 4.46063 98.2621
-18.6163 2.16903 98.2128
-18.8877 -0.246174 98.2025
-18.8122 -2.58609 98.1975
-18.4656 -4.93296 98.1735
-17.792 -7.24858 98.1099
-16.8413 -9.47122 98.1012
-15.6126 -11.5711 98.1234
-14.0973 -13.5295 98.0832
-12.3466 -15.2923 98.0565
-10.358 -16.8589 98.0517
-8.21886 -18.1435 98.0424
-5.91701 -19.1557 98.0188
-3.48371 -19.8516 97.976
-0.968621 -20.2532 97.9561
1.56409 -20.3216 97.9256
4.14956 -20.0879 97.8817
6.69619 -19.5321 97.9152
9.19566 -18.6568 97.9539
11.5253 -17.4621 97.9463
13.7235 -15.9705 97.9571
15.7166 -14.1936 97.9481
17.4743 -12.2029 97.9467
18.9763 -9.97075 97.8716
20.1934 -7.58753 97.8368
21.1072 -5.01894 97.8116
21.7001 -2.35061 97.7989
21.938 0.400655 97.7867
21.831 3.15799 97.7265
21.4076 5.94515 97.695
20.6149 8.61049 97.6657
19.4741 11.152 97.5689
18.0443 13.5635 97.5912
16.2843 15.7942 97.5811
14.3033 17.8228 97.5679
12.0286 19.5894 97.5756
9.5128 21.0487 97.5124
6.842 22.1811 97.4339
4.0539 22.9651 97.4002
1.11515 23.4254 97.3564
-1.81603 23.5047 97.3169
-4.72731 23.2057 97.2839
-7.62513 22.5344 97.2258
-10.4315 21.5191 97.2086
-13.0941 20.1329 97.1194
-15.6113 18.4328 97.0734
-17.8926 16.3868 97.0392
-19.9217 14.0963 96.999
-21.6356 11.5278 96.9487
-23.023 8.79759 96.9039
-24.0732 5.87342 96.885
-24.7183 2.82345 96.8638
-25.0166 -0.332813 96.8368
-24.8778 -3.44866 96.804
-24.3714 -6.54412 96.7836
-23.4609 -9.60489 96.7252
-22.1658 -12.5282 96.733
-20.4872 -15.2435 96.6628
-18.4717 -17.7803 96.6577
-16.1698 -20.0502 96.6163
-13.6091 -22.0259 96.6134
-10.7785 -23.703 96.6017
-7.69255 -24.9943 96.5753
-4.53443 -25.8726 96.5027
-1.28664 -26.3408 96.4785
2.06905 -26.4018 96.4128
5.40298 -26.061 96.4215
8.68779 -25.2756 96.4682
11.873 -24.108 96.4023
14.8576 -22.5439 96.4354
17.6822 -20.6192 96.4691
20.2323 -18.3099 96.4536
22.4607 -15.7054 96.4135
24.3683 -12.8605 96.3512
25.9129 -9.71278 96.2958
27.02 -6.41646 96.2535
27.7389 -3.01941 96.2734
28.0202 0.519697 96.194
27.8445 4.02414 96.1341
27.2887 7.50231 96.1173
26.2399 10.9022 96.0886
24.7903 14.1842 96.0875
22.9318 17.2095 96.0096
20.6938 20.0232 96.0195
18.1263 22.5408 95.9797
15.255 24.7671 96.0037
12.0345 26.5675 95.8692
8.6594 27.9845 95.7849
5.10826 28.9429 95.731
1.4322 29.4737 95.7078
-2.27119 29.5536 95.6707
-5.95054 29.1441 95.6136
-9.59324 28.2736 95.5772
-13.0871 26.9459 95.5278
-16.4114 25.2117 95.4343
-19.5177 23.0203 95.3697
-22.328 20.496 95.301
-24.8354 17.6156 95.2808
-26.9735 14.3956 95.218
-28.666 10.9221 95.1677
-29.9453 7.3096 95.1739
-30.7483 3.49662 95.1659
-31.0532 -0.387642 95.1626
-30.8908 -4.30064 95.0873
-30.1805 -8.12682 95.0325
-29.0382 -11.895 94.9724
-27.3739 -15.5409 94.9475
-25.2925 -18.8994 94.9112
-22.7858 -21.962 94.8314
-19.9752 -24.7183 94.8314
-16.7666 -27.1442 94.7662
-13.2289 -29.1391 94.7245
-9.48243 -30.7088 94.672
-5.58678 -31.7747 94.619
-1.56191 -32.335 94.5864
2.52127 -32.3925 94.6113
6.63209 -31.9069 94.5684
10.6092 -30.912 94.5417
14.4724 -29.4808 94.5358
18.1423 -27.5418 94.5419
21.5464 -25.1799 94.5544
24.6546 -22.3502 94.5672
27.3608 -19.1627 94.5469
29.6564 -15.6432 94.4714
31.5063 -11.8279 94.3896
32.8517 -7.8423 94.3497
33.6545 -3.63894 94.2549
33.9766 0.62172 94.2182
33.8045 4.83404 94.2115
33.0625 9.08114 94.1856
31.7811 13.1879 94.1394
29.9931 17.1346 94.1491
27.7091 20.8126 94.0776
25.0034 24.1866 94.0799
21.8931 27.1727 93.9979
18.3546 29.8334 93.9698
14.522 31.9601 93.8689
10.4564 33.6595 93.8235
6.11751 34.788 93.7308
1.73399 35.399 93.7089
-2.74392 35.4973 93.6823
-7.17801 34.9625 93.5933
-11.5148 33.8929 93.5208
-15.7052 32.2924 93.4612
-19.6402 30.177 93.3924
-23.3355 27.541 93.256
-26.702 24.494 93.1784
-29.6598 21.0472 93.192
-32.19 17.1574 93.1618
-34.1914 13.0427 93.0548
-35.6631 8.67469 93.0317
-36.6221 4.16615 93.0391
-36.959 -0.458509 93.0784
-36.7392 -5.11563 93.0218
-35.8827 -9.6623 92.8919
-34.4516 -14.1433 92.8357
-32.4894 -18.4597 92.783
-30.0013 -22.4264 92.7157
-27.0275 -26.0838 92.6531
-23.6269 -29.3703 92.6029
-19.8186 -32.1616 92.5588
-15.6375 -34.4938 92.5097
-11.2523 -36.3123 92.4565
-6.6011 -37.5845 92.4502
-1.84245 -38.2223 92.4655
2.99335 -38.2118 92.396
7.83149 -37.6374 92.2924
12.5582 -36.4738 92.2548
17.0419 -34.7271 92.2303
21.3602 -32.4207 92.2138
25.3508 -29.5779 92.2965
29.0056 -26.2857 92.2867
32.1441 -22.5351 92.2686
34.8254 -18.4 92.1954
36.953 -13.9481 92.1007
38.5205 -9.22134 92.0182
39.4947 -4.299 91.971
39.8313 0.65329 91.931
39.5619 5.65131 91.8717
38.691 10.6539 91.9195
37.1716 15.4107 91.8417
35.0643 20.0201 91.8035
32.3897 24.3189 91.7708
29.2158 28.2363 91.7447
25.4902 31.746 91.6027
21.4069 34.7905 91.5864
16.9372 37.2814 91.5342
12.1672 39.1881 91.4094
7.1671 40.4972 91.3603
2.05389 41.2391 91.3086
-3.12798 41.2533 91.2591
-8.31165 40.6845 91.2091
-13.3543 39.3817 91.0885
-18.2298 37.5213 90.968
-22.8123 35.0244 90.9393
-27.0998 31.9771 90.8228
-30.9831 28.3674 90.6975
-34.4171 24.3343 90.7193
-37.2579 19.846 90.6326
-39.5464 15.0709 90.5144
-41.2605 10.0314 90.582
-42.3437 4.76275 90.5704
-42.7327 -0.567632 90.5476
-42.4236 -5.91099 90.4938
-41.4417 -11.2382 90.4283
-39.7462 -16.3809 90.3352
-37.4839 -21.2776 90.2399
-34.5572 -25.8459 90.1134
-31.1366 -30.0849 90.1395
-27.2075 -33.8423 90.0296
-22.83 -37.0858 89.9813
-18.0363 -39.7116 89.9459
-12.927 -41.7896 89.8901
-7.57266 -43.1944 89.8397
-2.10408 -43.8942 89.8175
3.47364 -43.9099 89.7728
8.96407 -43.2363 89.7385
14.3474 -41.9026 89.672
19.5696 -39.8597 89.6205
24.5008 -37.1984 89.6366
29.0735 -33.9137 89.6103
33.1768 -30.1577 89.5824
36.8296 -25.8235 89.6267
39.8429 -21.0628 89.5303
42.2571 -15.9709 89.4588
44.0493 -10.5825 89.4013
45.1427 -4.95238 89.339
45.5486 0.762189 89.3169
45.1952 6.49932 89.2817
44.1502 12.0931 89.2127
42.4135 17.5865 89.1913
39.9827 22.8168 89.1085
36.9588 27.7152 89.0116
33.3028 32.1446 88.9823
29.051 36.1608 88.9261
24.3549 39.5815 88.8678
19.3037 42.4565 88.8329
13.852 44.5935 88.7323
8.1634 46.0554 88.5925
2.35968 46.8459 88.5253
-3.57162 46.8844 88.4874
-9.44892 46.159 88.411
-15.1581 44.7551 88.3069
-20.6748 42.5933 88.1965
-25.9108 39.7228 88.1366
-30.7535 36.2206 87.9806
-35.1153 32.1475 87.9193
-38.9582 27.5668 87.8685
-42.2082 22.4848 87.7834
-44.8184 17.066 87.7153
-46.6888 11.3244 87.6793
-47.888 5.41531 87.6879
-48.2606 -0.614238 87.6317
-47.9717 -6.70795 87.6128
-46.8582 -12.6917 87.5767
-44.9799 -18.4851 87.449
-42.3869 -24.0538 87.4007
-39.0875 -29.1944 87.3098
-35.164 -33.9592 87.2061
-30.7004 -38.1924 87.1061
-25.7249 -41.8039 87.0416
-20.2761 -44.7534 86.9508
-14.5282 -47.0494 86.8859
-8.53872 -48.648 86.8884
-2.3361 -49.4107 86.8322
3.91284 -49.481 86.903
10.085 -48.6593 86.7836
16.1585 -47.1531 86.7829
22.0343 -44.8913 86.6912
27.5234 -41.8694 86.7137
32.6623 -38.1744 86.6311
37.2754 -33.8671 86.5966
41.3561 -29.0121 86.5171
44.7187 -23.6467 86.4991
47.4628 -17.9189 86.4652
49.422 -11.8692 86.4189
50.5899 -5.57886 86.3289
51.0052 0.844238 86.2779
50.6536 7.26826 86.2407
49.4391 13.5759 86.1822
47.5144 19.6764 86.1293
44.8081 25.5012 86.0934
41.3359 30.9667 85.9875
37.2127 35.9934 85.9434
32.5167 40.4216 85.8745
27.3051 44.2736 85.8497
21.5584 47.4132 85.7147
15.4948 49.7789 85.5459
9.15391 51.4493 85.5196
2.64027 52.2654 85.472
-3.94187 52.3384 85.3432
-10.5005 51.5077 85.284
-16.9256 49.9444 85.1856
-23.0869 47.4699 85.1315
-28.8947 44.2554 84.9728
-34.2363 40.3615 84.8379
-39.1283 35.8271 84.7813
-43.3737 30.6593 84.6956
-46.9615 25.0215 84.633
-49.8579 18.9986 84.5398
-51.9642 12.6015 84.4903
-53.2341 5.988 84.4932
-53.6523 -0.724485 84.3753
-53.2962 -7.47869 84.3811
-52.0276 -14.0715 84.2954
-49.926 -20.5363 84.2473
-47.069 -26.6661 84.1526
-43.3807 -32.3864 84.0533
-38.9787 -37.6606 83.9252
-34.0348 -42.3515 83.8869
-28.5032 -46.3504 83.7263
-22.5069 -49.6696 83.6818
-16.0949 -52.1656 83.6165
-9.41153 -53.9048 83.5748
-2.5758 -54.7763 83.5417
4.33835 -54.7857 83.5394
11.2054 -53.906 83.4512
17.8687 -52.1713 83.4467
24.3706 -49.6874 83.4321
30.4712 -46.3508 83.3544
36.0956 -42.2513 83.3377
41.2436 -37.4631 83.3009
45.6943 -32.0612 83.2303
49.4577 -26.1187 83.1456
52.4435 -19.759 83.0882
54.6159 -13.0567 83.057
55.8534 -6.16755 82.9862
56.2977 0.858694 82.9322
55.8173 7.96354 82.7915
54.5696 14.9049 82.798
52.4562 21.6684 82.7885
49.4318 28.1108 82.682
45.6579 34.1683 82.6242
41.0658 39.6715 82.6101
35.8403 44.5885 82.4955
30.0426 48.7649 82.3757
23.7566 52.2399 82.3639
17.0634 54.83 82.2284
10.0711 56.6197 82.0834
2.90808 57.4899 81.9672
-4.33867 57.5196 81.9199
-11.5666 56.5733 81.7879
-18.5949 54.8633 81.6797
-25.3464 52.2122 81.5864
-31.7281 48.6609 81.5355
-37.644 44.3612 81.3854
-42.9991 39.3465 81.3455
-47.6607 33.6984 81.2447
-51.5982 27.4902 81.1147
-54.7438 20.8287 81.0572
-57.0255 13.8187 80.9923
-58.3947 6.60297 80.9158
-58.8253 -0.779353 80.8303
-58.4339 -8.13099 80.7797
-57.0125 -15.4579 80.7211
-54.706 -22.5204 80.6275
-51.5308 -29.2284 80.5858
-47.4907 -35.5012 80.445
-42.7415 -41.2184 80.3539
-37.2875 -46.351 80.2911
-31.2229 -50.7664 80.1438
-24.5995 -54.343 80.0614
-17.6021 -57.1175 80.0136
-10.2829 -58.9104 79.9274
-2.80939 -59.8927 79.8896
4.73451 -59.8756 79.8846
12.2288 -58.9423 79.8468
19.5389 -57.0384 79.8171
26.6314 -54.3098 79.8059
33.2767 -50.6268 79.7463
39.4819 -46.183 79.7569
45.0397 -40.9805 79.7255
49.845 -35.0119 79.5908
53.9461 -28.5479 79.4897
57.1977 -21.5848 79.4374
59.5508 -14.2518 79.3569
60.9908 -6.68185 79.2951
61.4407 0.969411 79.215
60.9566 8.67423 79.1635
59.5456 16.2696 79.1348
57.1727 23.6308 79.1287
53.862 30.6464 79.0526
49.7325 37.2325 78.9694
44.702 43.1784 78.8297
39.0299 48.5051 78.7198
32.717 53.0399 78.655
25.839 56.8315 78.554
18.5475 59.6312 78.4604
10.9888 61.5349 78.3548
3.1534 62.4515 78.1825
-4.71464 62.4334 78.0625
-12.5154 61.4529 77.9367
-20.1758 59.5542 77.8325
-27.5087 56.6806 77.7877
-34.4485 52.8437 77.7148
-40.8394 48.1517 77.6287
-46.6139 42.6858 77.4492
-51.6994 36.5851 77.3789
-55.9401 29.8525 77.3379
-59.3079 22.5878 77.1843
-61.8382 15.0563 77.1509
-63.3249 7.1682 77.0436
-63.7569 -0.855096 76.8972
-63.2802 -8.84543 76.8962
-61.7564 -16.6979 76.8228
-59.2826 -24.3864 76.7551
-55.7852 -31.6626 76.6261
-51.4584 -38.4684 76.5591
-46.3025 -44.7113 76.5253
-40.3688 -50.2162 76.4702
-33.7816 -54.9491 76.2835
-26.597 -58.7495 76.1479
-19.0122 -61.7711 76.0676
-11.1095 -63.7362 75.9634
-3.05026 -64.7559 75.9499
5.10832 -64.7063 75.9771
13.2094 -63.6448 75.8154
21.1065 -61.6601 75.8221
28.7674 -58.6937 75.8356
35.9813 -54.7292 75.819
42.6403 -49.9452 75.8747
48.6256 -44.2333 75.7147
53.8249 -37.8368 75.6168
58.2069 -30.7914 75.5211
61.7172 -23.2923 75.4637
64.2925 -15.3995 75.4406
65.8219 -7.24949 75.2792
66.3223 1.05224 75.2519
65.7535 9.332 75.1629
64.2351 17.5598 75.1814
61.6303 25.4597 75.1083
58.0393 33.0168 75.0217
53.5335 40.1107 74.9573
48.2054 46.5867 74.8792
42.0666 52.287 74.7474
35.2024 57.1399 74.5994
27.8248 61.1618 74.479
19.9828 64.2211 74.3068
11.7819 66.2351 74.2188
3.42453 67.2734 74.1161
-5.04333 67.2349 74.0079
-13.451 66.1457 73.8427
-21.6799 63.9847 73.6874
-29.5678 60.9285 73.6575
-36.9937 56.8146 73.5637
-43.8705 51.7561 73.4374
-50.0944 45.9177 73.3117
-55.5843 39.3025 73.2499
-60.1182 32.0404 73.1463
-63.7218 24.3081 72.9757
-66.3286 16.1765 72.9055
-67.9411 7.71194 72.8274
-68.4204 -0.890285 72.6619
-67.8906 -9.47773 72.5872
-66.3042 -17.9541 72.5765
-63.6053 -26.1587 72.592
-59.8849 -33.9348 72.4718
-55.2532 -41.2785 72.3947
-49.6582 -47.9393 72.3317
-43.3016 -53.8695 72.1854
-36.2073 -58.8774 72.0953
-28.5334 -63.0479 71.9962
-20.4004 -66.206 71.8721
-11.9363 -68.321 71.7514
-3.26207 -69.4103 71.7113
5.46007 -69.3663 71.6811
14.1399 -68.239 71.593
22.6096 -66.04 71.601
30.764 -62.783 71.51
38.4689 -58.5929 71.5654
45.5956 -53.4068 71.5107
52.0547 -47.3541 71.5224
57.6576 -40.489 71.4063
62.2906 -32.9573 71.3089
66.0333 -24.8919 71.1818
68.7998 -16.488 71.1608
70.3882 -7.72339 71.0645
70.897 1.14746 70.9587
70.3245 10.0563 70.9042
68.6311 18.7771 70.8351
65.7749 27.2248 70.779
61.994 35.3135 70.718
57.2559 42.8636 70.6012
51.4442 49.6756 70.5346
44.9624 55.8796 70.4001
37.603 61.0235 70.2405
29.6839 65.2416 70.113
21.3267 68.4815 69.9643
12.6024 70.6783 69.803
3.63029 71.8045 69.7657
-5.38614 71.7629 69.6895
-14.3404 70.5609 69.4691
-23.0796 68.235 69.2877
-31.5634 64.9809 69.1992
-39.4179 60.5325 69.1191
-46.7438 55.131 68.9679
-53.36 48.876 68.9102
-59.1168 41.8475 68.8357
-64.0691 34.1967 68.6494
-67.9049 25.9142 68.5557
-70.6767 17.1704 68.4299
-72.2784 8.19657 68.3361
-72.8443 -0.944349 68.2181
-72.2625 -10.0982 68.1637
-70.5274 -19.1175 68.1227
-67.7374 -27.8364 68.1117
-63.7822 -36.1698 68.0232
-58.7374 -43.9074 67.9103
-52.7993 -50.9796 67.7232
-45.9828 -57.2117 67.6512
-38.4479 -62.5898 67.5997
-30.3369 -67.0216 67.4844
-21.7015 -70.3957 67.3812
-12.69 -72.6142 67.2227
-3.46868 -73.6694 67.1343
5.83057 -73.746 67.2128
15.035 -72.5185 67.0158
24.0379 -70.198 67.0441
32.6782 -66.6406 66.9867
40.9093 -62.2529 67.0005
48.4151 -56.634 67.0007
55.2805 -50.2282 66.9981
61.2141 -42.9835 66.8874
66.0914 -34.9241 66.7634
70.0949 -26.4313 66.6703
72.9857 -17.4628 66.6206
74.7441 -8.19319 66.5888
75.2003 1.23524 66.3928
74.5146 10.6169 66.2374
72.7276 19.8987 66.2454
69.7753 28.8571 66.1231
65.6955 37.3901 66.0519
60.6068 45.3573 65.944
54.5161 52.6686 65.9146
47.5618 59.0926 65.7191
39.8425 64.6573 65.589
31.4609 69.105 65.4105
22.581 72.5269 65.2367
13.3144 74.7994 65.1577
3.86269 76.1165 65.0234
-5.67737 75.9922 64.9344
-15.2137 74.7684 64.832
-24.4621 72.3271 64.712
-33.3602 68.7075 64.5337
-41.7826 64.0763 64.466
-49.4617 58.3375 64.2193
-56.4333 51.7196 64.2062
-62.5632 44.292 64.1168
-67.7755 36.156 63.9996
-71.7566 27.3842 63.839
-74.6085 18.1521 63.7295
-76.3542 8.63361 63.5812
-76.9611 -1.02774 63.4855
-76.3453 -10.6401 63.4417
-74.5094 -20.1545 63.3541
-71.5115 -29.402 63.3809
-67.3348 -38.182 63.2701
-61.984 -46.3261 63.1692
-55.6744 -53.7665 62.9622
-48.5301 -60.3774 62.8863
-40.6239 -66.1074 62.8088
-31.9913 -70.6903 62.6629
-22.9139 -74.2288 62.5846
-13.4076 -76.6009 62.4814
-3.67486 -77.7964 62.427
6.14747 -77.8264 62.4017
15.9026 -76.5103 62.2512
25.4366 -74.0525 62.2419
34.4619 -70.2836 62.2102
43.0986 -65.5117 62.1848
51.0215 -59.6351 62.1625
58.2514 -52.8965 62.1866
64.4683 -45.1762 62.0542
69.7211 -36.8126 61.9851
73.8155 -27.7896 61.8777
76.9231 -18.3872 61.8349
78.6721 -8.67564 61.7621
79.2156 1.25869 61.5956
78.4716 11.1923 61.3836
76.5729 20.9619 61.3798
73.499 30.4093 61.3044
69.1598 39.3344 61.1156
63.7022 47.6679 61.0109
57.3159 55.3095 60.9068
50.0473 62.1918 60.8333
41.9261 68.0633 60.667
33.1165 72.7163 60.5112
23.732 76.2318 60.3469
14.0052 78.6635 60.2059
4.02427 79.8891 60.0943
-6.00855 79.812 60.0291
-15.996 78.5742 59.9291
-25.7156 75.9647 59.7434
-35.0763 72.1899 59.6794
-43.8995 67.3665 59.5562
-51.9736 61.3047 59.3146
-59.3126 54.3168 59.2748
-65.7578 46.5235 59.221
-71.1254 37.9535 59.0597
-75.3324 28.7224 58.8474
-78.359 19.0524 58.8285
-80.2398 9.09404 58.6426
-80.8537 -1.03585 58.5027
-80.1339 -11.1952 58.4269
-78.1588 -21.1749 58.3473
-74.9906 -30.8911 58.3095
-70.6268 -40.0975 58.2522
-64.9791 -48.6009 58.1246
-58.4344 -56.4547 57.9857
-50.9293 -63.3543 57.8329
-42.5711 -69.2854 57.7825
-33.5267 -74.1393 57.6034
-24.0046 -77.9084 57.5589
-14.0305 -80.3723 57.43
-3.84242 -81.5598 57.4072
6.41991 -81.5334 57.3562
16.6456 -80.2509 57.2517
26.6085 -77.6041 57.1825
36.2173 -73.7043 57.2068
45.1229 -68.5792 57.1458
53.4574 -62.4078 57.0628
60.9031 -55.2907 57.0408
67.4207 -47.2741 56.9366
72.9665 -38.5136 56.9385
77.2967 -29.125 56.7832
80.4659 -19.2822 56.7166
82.3927 -9.09806 56.7288
82.8525 1.29485 56.5002
82.1056 11.7128 56.3773
80.1218 21.9117 56.2297
76.8398 31.7675 56.1405
72.4014 41.1831 56.0492
66.7241 49.9539 55.9521
59.9814 57.8771 55.8462
52.3023 64.9196 55.7795
43.8341 71.1029 55.547
34.6091 76.0272 55.3327
24.8149 79.7131 55.2315
14.636 82.2885 55.1353
4.19849 83.5401 54.9817
-6.30837 83.3643 54.785
-16.6888 82.0073 54.6788
-26.8435 79.3319 54.5958
-36.6222 75.4569 54.4992
-45.8301 70.3343 54.3112
-54.3455 64.0594 54.2277
-61.9924 56.7716 54.1267
-68.6913 48.6165 54.0421
-74.2553 39.6439 53.8851
-78.656 30.0276 53.7388
-81.839 19.8804 53.5633
-83.7048 9.50364 53.356
-84.4002 -1.04559 53.3666
-83.6277 -11.6788 53.2219
-81.5641 -22.114 53.1152
-78.2712 -32.244 53.0535
-73.6278 -41.8128 52.9769
-67.8191 -50.7151 52.8765
-60.9654 -58.8699 52.7245
-53.1123 -66.0732 52.6262
-44.3671 -72.2128 52.5172
-35.0161 -77.3468 52.3661
-25.0278 -81.1666 52.3822
-14.6219 -83.7607 52.2196
-3.9797 -85.0504 52.1518
6.68294 -84.9544 52.1095
17.3149 -83.5303 52.0464
27.7452 -80.7947 52.0058
37.7227 -76.7796 51.945
47.0686 -71.4698 51.8372
55.6142 -64.944 51.831
63.4271 -57.6087 51.7398
70.2821 -49.2895 51.7317
75.9964 -40.1409 51.6306
80.4693 -30.3426 51.4332
83.6569 -20.0306 51.3879
85.731 -9.4196 51.382
86.1683 1.34318 51.1913
85.4132 12.1132 51.0754
83.337 22.78 50.9034
79.9166 33.0374 50.8244
75.2052 42.7905 50.7119
69.4003 51.9579 50.5824
62.442 60.2411 50.4962
54.4569 67.5163 50.4248
45.5574 73.79 50.2854
35.9575 79.0048 50.0125
25.8083 82.9219 49.9365
15.2445 85.5301 49.81
4.3895 86.756 49.6649
-6.51796 86.6637 49.439
-17.3547 85.1961 49.2987
-27.8994 82.4191 49.1076
-38.0168 78.3424 49.014
-47.5711 72.9839 48.9918
-56.3789 66.4664 48.8271
-64.3729 58.9383 48.7566
-71.3834 50.4948 48.6878
-77.0889 41.171 48.4689
-81.7092 31.1898 48.4226
-85.0145 20.6724 48.2032
-86.9455 9.84346 47.9708
-87.4899 -1.15976 47.8681
-86.7293 -12.0866 47.85
-84.5529 -22.9226 47.7578
-81.074 -33.3818 47.6053
-76.3105 -43.3614 47.5481
-70.3461 -52.6209 47.3847
-63.2361 -61.0926 47.3095
-55.0503 -68.5792 47.22
-46.0395 -74.9544 47.0234
-36.2766 -80.1733 46.9669
-25.9049 -84.188 46.9476
-15.1742 -86.8504 46.8564
-4.16836 -88.2562 46.7217
6.96422 -88.0971 46.6277
18.0092 -86.5575 46.642
28.7506 -83.6764 46.5127
39.025 -79.5159 46.4038
48.6966 -73.9299 46.3526
57.642 -67.3127 46.25
65.7434 -59.6551 46.2555
72.8254 -51.0406 46.2417
78.7037 -41.5816 46.1214
83.2868 -31.4167 45.891
86.6455 -20.7443 45.8358
88.6201 -9.77078 45.7382
89.2404 1.39435 45.6359
88.4931 12.5253 45.5947
86.2602 23.5334 45.3925
82.7789 34.1994 45.3146
77.8935 44.3037 45.1989
71.8311 53.7332 45.0557
64.5944 62.3218 44.9847
56.2872 69.8831 44.8807
47.121 76.3323 44.7494
37.2124 81.7184 44.5884
26.6899 85.7366 44.3046
15.7578 88.3857 44.2214
4.58136 89.6517 44.071
-6.68447 89.5401 43.8316
-17.8851 88.1485 43.7252
-28.8192 85.1747 43.5903
-39.3377 80.9438 43.4449
-49.2048 75.4202 43.385
-58.2833 68.6604 43.2135
-66.5271 60.922 43.1309
-73.7162 52.1964 43.0031
-79.7169 42.5519 42.9255
-84.3728 32.2034 42.7908
-87.7722 21.3607 42.6369
-89.8326 10.1613 42.4905
-90.3347 -1.1658 42.2384
-89.5701 -12.5329 42.1426
-87.2943 -23.6475 42.1631
-83.6 -34.465 42.0027
-78.7147 -44.7169 41.9186
-72.5845 -54.3084 41.7668
-65.2297 -63.0701 41.7116
-56.8092 -70.7588 41.5109
-47.4836 -77.3065 41.4192
-37.3838 -82.8024 41.329
-26.7306 -86.8905 41.2967
-15.6715 -89.6666 41.2303
-4.25445 -90.9878 41.1365
7.21335 -90.8716 41.0018
18.5848 -89.255 40.9386
29.6083 -86.2226 40.762
40.1996 -81.8844 40.7821
50.2549 -76.2515 40.7169
59.4372 -69.3884 40.6207
67.6847 -61.4645 40.5814
75.0123 -52.644 40.5246
81.101 -42.84 40.3992
85.9593 -32.395 40.3054
89.3659 -21.3958 40.1619
91.3173 -10.0706 40.0281
91.9614 1.409 39.9318
91.1692 12.8958 39.873
88.8846 24.2229 39.7619
85.1901 35.1843 39.6329
80.2046 45.5883 39.4837
73.9614 55.2919 39.3258
66.497 64.1604 39.2743
57.9947 72.043 39.1108
48.4934 78.6562 38.9692
38.2798 84.0479 38.8314
27.5001 88.2417 38.6777
16.2215 90.9993 38.467
4.76176 92.3375 38.3239
-6.85177 92.1772 38.1517
-18.3847 90.5085 38.029
-29.6428 87.614 37.8837
-40.3947 83.1873 37.7594
-50.5164 77.4439 37.5869
-59.8484 70.5534 37.4038
-68.4095 62.6181 37.3359
-75.8329 53.6686 37.246
-82.004 43.7986 37.1604
-86.762 33.1666 37.0242
-90.1418 21.997 36.865
-92.2747 10.476 36.7148
-92.7898 -1.18904 36.44
-91.9327 -12.8452 36.4027
-89.5674 -24.2949 36.3582
-85.8475 -35.3858 36.2801
-80.8366 -45.9462 36.1048
-74.5237 -55.776 36.0169
-66.9434 -64.7175 35.9329
-58.322 -72.6478 35.7853
-48.7041 -79.4228 35.6831
-38.3288 -84.9327 35.5917
-27.3483 -89.0773 35.4097
-15.9813 -91.9066 35.4073
-4.33643 -93.3202 35.3184
7.39096 -93.2124 35.1729
19.0328 -91.5576 35.1054
30.3734 -88.4688 34.9741
41.261 -84.0459 34.9675
51.4836 -78.1855 34.928
61.0985 -71.2822 34.8054
69.5228 -63.1034 34.7395
76.9385 -53.9368 34.6783
83.2289 -43.9731 34.6246
88.1835 -33.2576 34.5362
91.5401 -21.9429 34.3518
93.6908 -10.311 34.1977
94.2584 1.45739 34.1102
93.3205 13.2438 33.9891
91.0707 24.8574 33.9449
87.2701 36.0356 33.7939
82.1836 46.7142 33.6022
75.6598 56.5725 33.4873
68.0724 65.6812 33.3561
59.4284 73.7703 33.2658
49.7012 80.5624 33.1258
39.2506 86.2064 32.8681
28.1577 90.3987 32.7851
16.6511 93.2605 32.5743
4.87918 94.6854 32.4426
-7.02864 94.3233 32.2935
-18.8271 92.7394 32.1187
-30.356 89.7069 31.9666
-41.3881 85.1974 31.8704
-51.7699 79.389 31.7322
-61.2726 72.2422 31.4765
-69.9257 64.0263 31.4089
-77.5972 54.8964 31.2998
-83.841 44.7451 31.1642
-88.7742 33.897 31.1629
-92.3557 22.4912 30.9813
-94.3077 10.7301 30.7394
-94.9077 -1.18895 30.5763
-93.9285 -13.1368 30.5123
-91.5472 -24.8556 30.396
-87.7896 -36.1811 30.3425
-82.6332 -46.9645 30.101
-76.0363 -56.9378 30.0039
-68.4193 -66.159 30.0122
-59.5891 -74.2645 29.91
-49.7576 -81.1812 29.7567
-39.1722 -86.7967 29.5994
-27.9739 -91.1084 29.4272
-16.3079 -93.9812 29.4036
-4.41905 -95.3383 29.33
7.57959 -95.2392 29.2634
19.4436 -93.5976 29.1604
31.0255 -90.4463 28.9975
42.1606 -85.8505 29.0104
52.5889 -79.8153 29.0156
62.3051 -72.7286 28.8799
70.9767 -64.4025 28.7523
78.6197 -55.0708 28.6876
84.9708 -44.8649 28.5609
89.9926 -33.9352 28.5108
93.5053 -22.4103 28.3182
95.6658 -10.5521 28.2129
96.2104 1.50381 28.1515
95.3996 13.5256 28.0646
92.9618 25.3131 27.8916
89.0757 36.7614 27.7363
83.8531 47.6294 27.5961
77.2427 57.7371 27.4616
69.5473 67.0363 27.3298
60.6053 75.22 27.2288
50.7522 82.2058 27.1051
40.0375 87.8115 27.0099
28.7116 92.2117 26.7877
16.9659 95.0636 26.5934
4.98306 96.387 26.4201
-7.16745 96.2796 26.3514
-19.1631 94.4949 26.2063
-30.8935 91.3889 25.9902
-42.1723 86.926 25.861
-52.7331 80.9544 25.7426
-62.5125 73.6986 25.5511
-71.2473 65.263 25.4404
-78.918 55.8515 25.2418
-85.3521 45.5276 25.1259
-90.4513 34.5 25.0732
-94.0227 22.9145 24.9578
-96.1585 10.9525 24.8116
-96.6688 -1.2335 24.6385
-95.6298 -13.3499 24.3909
-93.152 -25.2351 24.2978
-89.2907 -36.8004 24.249
-84.118 -47.7617 24.0094
-77.5028 -58.0206 23.922
-69.6107 -67.2951 23.8436
-60.5875 -75.5307 23.8214
-50.5841 -82.4945 23.6572
-39.8758 -88.3964 23.5688
-28.4865 -92.7891 23.4863
-16.6095 -95.6763 23.3844
-4.50914 -97.0256 23.2209
7.71728 -96.878 23.1322
19.7904 -95.1767 23.089
31.5785 -91.9486 22.9882
42.9035 -87.247 22.9482
53.5328 -81.2435 22.8883
63.3169 -73.9083 22.8071
72.2317 -65.5355 22.7519
79.9306 -55.9953 22.6257
86.428 -45.657 22.4562
91.4423 -34.4926 22.4303
95.0506 -22.7618 22.2674
97.2458 -10.7061 22.17
97.9186 1.50793 22.0425
97.049 13.7237 21.9187
94.5259 25.7807 21.8425
90.5458 37.39 21.6931
85.2852 48.4329 21.4568
78.5584 58.6987 21.4589
70.596 68.021 21.2764
61.5368 76.348 21.1014
51.4789 83.4608 20.9725
40.6224 89.2627 20.908
29.1771 93.5557 20.7032
17.2403 96.5816 20.5438
4.99782 97.8432 20.3016
-7.26311 97.6495 20.2491
-19.4915 96.0798 20.1379
-31.4108 92.8315 19.938
-42.8137 88.2679 19.7764
-53.5397 82.1508 19.672
-63.412 74.8032 19.5073
-72.2807 66.2269 19.332
-80.0815 56.6842 19.1465
-86.4637 46.0959 19.0194
-91.7635 35.011 18.908
-95.3456 23.2391 18.7383
-97.4863 11.1136 18.6001
-97.9511 -1.22216 18.4188
-96.9452 -13.5114 18.2479
-94.3752 -25.5967 18.181
-90.6174 -37.3136 18.0562
-85.2123 -48.4283 17.9834
-78.4692 -58.7453 17.7691
-70.4571 -68.1385 17.8083
-61.3886 -76.5223 17.6847
-51.3038 -83.7528 17.6383
-40.417 -89.6027 17.4378
-28.8097 -93.9714 17.3437
-16.8061 -96.8905 17.1804
-4.5193 -98.3624 17.0341
7.8532 -98.1016 17.021
20.0692 -96.4301 16.9093
32.0687 -93.2396 16.9135
43.4724 -88.3887 16.8457
54.2613 -82.3196 16.7605
64.1801 -74.9108 16.5817
73.1049 -66.2932 16.5307
80.9096 -56.6988 16.4677
87.5609 -46.2413 16.2476
92.6345 -34.92 16.3086
96.2566 -23.0168 16.1181
98.4368 -10.8096 15.9129
99.0763 1.57105 15.8768
98.1407 13.9509 15.8256
95.6974 26.0984 15.7375
91.698 37.8435 15.5145
86.2865 49.0063 15.3223
79.4529 59.3731 15.1926
71.3518 68.7691 15.045
62.2058 77.1931 15.0207
52.0363 84.3601 14.8084
41.0623 90.2301 14.6417
29.4714 94.6612 14.5053
17.4295 97.6321 14.308
5.06291 99.0634 14.1559
-7.39797 98.7623 14.1096
-19.6807 97.0691 13.9546
-31.7107 93.8682 13.7794
-43.2549 89.1537 13.5871
-54.0903 82.9574 13.4604
-64.085 75.5153 13.2611
-73.098 66.9509 13.1285
-80.9257 57.2928 12.9669
-87.452 46.7141 12.7864
-92.6094 35.3813 12.5556
-96.2329 23.4608 12.4289
-98.4095 11.2044 12.3682
-98.9985 -1.19467 12.2464
-97.9005 -13.6561 12.1405
-95.3935 -25.8631 11.951
-91.4467 -37.6657 11.8608
-86.0237 -48.8628 11.7689
-79.2197 -59.332 11.6049
-71.176 -68.8546 11.5339
-62.0201 -77.3406 11.5466
-51.7579 -84.4537 11.3152
-40.7062 -90.2834 11.2521
-29.0287 -94.7077 11.0849
-16.9742 -97.8825 10.8829
-4.53189 -99.1672 10.9012
7.95358 -99.0104 10.7375
20.2693 -97.3235 10.7062
32.3808 -94.0646 10.7344
43.8845 -89.1978 10.5677
54.7399 -83.0229 10.4899
64.7482 -75.5277 10.4522
73.7386 -66.8682 10.3295
81.6726 -57.2328 10.1694
88.2501 -46.5457 10.1512
93.3615 -35.1594 10.0919
97.0366 -23.2331 9.98254
99.113 -10.8836 9.72356
99.8119 1.59719 9.63746
98.8809 14.04 9.4831
96.3728 26.2736 9.42115
92.4321 38.1326 9.24329
87.0252 49.4279 9.11599
80.049 59.8123 8.92813
71.8879 69.2753 8.81698
62.6724 77.7738 8.81914
52.4304 84.9538 8.59605
41.3851 90.8846 8.42809
29.7347 95.4362 8.21846
17.5345 98.2917 8.08649
5.10101 99.7257 7.92181
-7.41714 99.5661 7.8104
-19.7929 97.7694 7.66021
-31.8915 94.4784 7.51141
-43.515 89.7183 7.39981
-54.4737 83.5912 7.20518
-64.5224 76.1261 7.07601
-73.5352 67.4114 6.74938
-81.4509 57.7162 6.64155
-88.0618 47.0507 6.52849
-93.1291 35.5589 6.38302
-96.7343 23.5854 6.14119
-98.9234 11.2765 6.0987
-99.4861 -1.25948 5.96144
-98.5006 -13.7676 5.90936
-95.9625 -25.9998 5.73278
-91.9938 -37.907 5.60497
-86.5428 -49.1755 5.50377
-79.7311 -59.6895 5.40066
-71.5568 -69.2404 5.33477
-62.3145 -77.6962 5.20809
-52.0413 -84.903 5.10727
-40.907 -90.8065 4.99919
-29.1864 -95.2801 4.80686
-17.0334 -98.2417 4.67088
-4.6018 -99.7591 4.55336
7.95363 -99.4161 4.50109
20.4352 -97.7992 4.45338
32.52 -94.5014 4.5118
44.1096 -89.6439 4.3811
54.9571 -83.3419 4.29142
65.0922 -75.9165 4.14173
74.1092 -67.2227 4.04699
82.0294 -57.4702 3.97918
88.5241 -46.7756 3.82483
93.7221 -35.3215 3.82094
97.4301 -23.2988 3.73195
99.5981 -10.9649 3.44259
100.281 1.55918 3.36837
99.1869 14.105 3.21016
96.7928 26.4075 3.12267
92.7473 38.2559 2.97684
87.1527 49.5301 2.83851
80.3282 60.0501 2.68493
72.2718 69.665 2.54869
62.9374 78.0983 2.4871
52.6569 85.3118 2.40806
41.573 91.294 2.1994
29.7839 95.6632 2.00009
17.6268 98.5713 1.7986
5.14233 99.9447 1.66199
-7.42576 99.7935 1.50427
-19.8478 97.9978 1.37652
-31.9571 94.6512 1.30736
-43.5408 89.7938 1.10177
-54.5336 83.797 0.928537
-64.6762 76.3335 0.744321
-73.7856 67.6411 0.549768
-81.6697 57.8356 0.399734
-88.2085 47.1292 0.249333
-93.358 35.6712 0.0467297
-97.0364 23.6864 -0.10722
-99.0976 11.2914 -0.21131
-99.6031 -1.26488 -0.335481
-98.7888 -13.7823 -0.427179
-96.1965 -26.0355 -0.573379
-92.1747 -37.9493 -0.615978
-86.6546 -49.2625 -0.8059
-79.7789 -59.7923 -0.874023
-71.6211 -69.3221 -1.00647
-62.4034 -77.8015 -1.08695
-52.0744 -85.0282 -1.12151
-41.0051 -90.8941 -1.33289
-29.2626 -95.4066 -1.53282
-17.0087 -98.3502 -1.65106
-4.54581 -99.8772 -1.69663
8.03341 -99.595 -1.80744
20.4621 -97.7928 -1.84436
32.609 -94.529 -1.88203
44.2215 -89.7367 -1.94779
55.0303 -83.4033 -2.01564
65.0411 -75.8745 -2.12121
74.1333 -67.1883 -2.23296
81.9722 -57.4475 -2.35339
88.5926 -46.7581 -2.40155
93.7899 -35.2877 -2.43594
97.599 -23.3171 -2.6243
99.759 -10.9906 -2.88818
100.281 1.55447 -2.93305
99.224 14.0596 -2.99211
96.8558 26.4114 -3.14163
92.6833 38.2727 -3.31045
87.2136 49.5264 -3.44132
80.2557 59.9568 -3.61275
72.1998 69.6628 -3.7236
62.9743 78.1674 -3.82043
52.6772 85.329 -3.85626
41.5612 91.1972 -4.0446
29.8111 95.5939 -4.36021
17.6006 98.3933 -4.45737
5.16417 99.9008 -4.5713
-7.37466 99.6039 -4.78454
-19.7934 97.8411 -4.86438
-31.8698 94.4413 -4.9562
-43.3761 89.6116 -5.18741
-54.4255 83.592 -5.28544
-64.6002 76.2301 -5.48238
-73.6303 67.5654 -5.67802
-81.4871 57.7628 -5.90213
-88.0694 47.0882 -6.05011
-93.1701 35.6116 -6.25414
-96.8303 23.5954 -6.35902
-98.8296 11.2316 -6.47401
-99.5628 -1.26425 -6.62938
-98.6248 -13.7472 -6.73039
-96.0297 -26.0164 -6.77453
-91.9649 -37.8657 -6.88387
-86.4705 -49.1277 -7.08254
-79.5428 -59.6017 -7.15717
-71.4817 -69.1607 -7.36203
-62.1687 -77.5618 -7.31913
-51.9124 -84.7672 -7.46146
-40.9154 -90.6919 -7.62061
-29.1732 -95.1921 -7.6867
-16.9687 -98.143 -7.85415
-4.4721 -99.5134 -7.91228
8.01485 -99.3303 -8.07332
20.3938 -97.4556 -8.02579
32.4888 -94.2078 -8.13538
44.0075 -89.3433 -8.25916
54.8776 -83.1975 -8.34622
64.866 -75.644 -8.37695
73.7992 -66.916 -8.47027
81.7299 -57.1985 -8.63565
88.2623 -46.5181 -8.60722
93.516 -35.1976 -8.76766
97.0974 -23.2319 -8.97762
99.3244 -10.9036 -9.04447
99.8464 1.57666 -9.18914
98.9813 14.0504 -9.2247
96.3816 26.291 -9.39351
92.3748 38.0866 -9.58756
86.737 49.2292 -9.74479
79.9084 59.7121 -9.80362
71.8921 69.3011 -9.91884
62.6752 77.7591 -9.99537
52.4295 84.9347 -10.1272
41.4086 90.7933 -10.3537
29.7073 95.1663 -10.5723
17.5494 97.9311 -10.6821
5.1679 99.3262 -10.9011
-7.29328 99.0332 -11.0047
-19.6726 97.3183 -11.1083
-31.685 93.9339 -11.2076
-43.201 89.1428 -11.3584
-54.1348 83.1604 -11.5526
-64.1158 75.7675 -11.7351
-73.1322 67.126 -11.915
-80.91 57.3945 -12.1216
-87.4176 46.7407 -12.226
-92.6085 35.3854 -12.4301
-96.185 23.4615 -12.6185
-98.4601 11.1814 -12.7625
-99.0101 -1.24637 -12.9286
-98.1047 -13.6886 -12.9704
-95.4551 -25.8858 -13.0319
-91.4095 -37.6865 -13.1571
-85.8767 -48.799 -13.3185
-79.102 -59.2715 -13.3848
-71.0172 -68.7231 -13.5359
-61.7107 -77.0019 -13.5838
-51.6092 -84.2307 -13.7032
-40.5807 -90.0575 -13.7467
-28.9464 -94.4759 -13.8535
-16.8579 -97.4072 -13.9866
-4.48439 -98.8366 -14.1767
7.95869 -98.6334 -14.2137
20.2256 -96.7208 -14.229
32.2529 -93.427 -14.3191
43.6894 -88.6485 -14.4832
54.4575 -82.4977 -14.5674
64.4137 -75.1246 -14.6682
73.3371 -66.4678 -14.6931
81.1678 -56.7715 -14.8174
87.7156 -46.221 -14.8453
92.8269 -34.912 -15.0197
96.3772 -23.045 -15.0859
98.456 -10.7983 -15.288
99.0942 1.55498 -15.4211
98.083 13.9207 -15.5339
95.625 26.0453 -15.6143
91.5052 37.7241 -15.7884
86.0481 48.8628 -15.9515
79.1594 59.1896 -16.0091
71.2131 68.6965 -16.1013
62.081 77.0862 -16.1911
52.0198 84.2697 -16.3971
41.0612 90.0372 -16.5137
29.4425 94.3364 -16.7662
17.3968 97.1279 -16.9596
5.12319 98.5223 -17.0724
-7.23907 98.2765 -17.1592
-19.5076 96.452 -17.3027
-31.4243 93.2141 -17.546
-42.7971 88.4095 -17.6157
-53.5525 82.3447 -17.8374
-63.5254 75.0681 -17.9962
-72.362 66.4723 -18.1221
-80.1712 56.817 -18.2511
-86.5223 46.2279 -18.4822
-91.6326 35.0342 -18.6804
-95.3672 23.2661 -18.8424
-97.4356 11.0817 -18.9971
-98.0508 -1.28244 -19.1086
-97.0851 -13.5927 -19.1859
-94.4526 -25.6647 -19.2204
-90.4376 -37.2784 -19.4169
-85.0066 -48.3631 -19.5225
-78.322 -58.7099 -19.6452
-70.2362 -67.9997 -19.6832
-61.0821 -76.2173 -19.8082
-51.029 -83.3182 -19.8011
-40.1317 -89.0875 -19.9136
-28.6084 -93.4549 -20.0502
-16.6454 -96.3752 -20.2659
-4.43902 -97.6707 -20.2924
7.84144 -97.3473 -20.377
20.025 -95.6163 -20.4032
31.8726 -92.4437 -20.4987
43.2099 -87.6894 -20.6687
53.8693 -81.6193 -20.7603
63.6496 -74.1961 -20.8318
72.5541 -65.7131 -20.8718
80.1964 -56.1068 -20.9962
86.6214 -45.6397 -21.0536
91.649 -34.4834 -21.2079
95.2806 -22.787 -21.3748
97.3504 -10.7138 -21.459
97.8614 1.57574 -21.5528
96.8567 13.7269 -21.6931
94.3982 25.7239 -21.8188
90.4607 37.3027 -21.9539
84.8899 48.2397 -21.9745
78.1807 58.4592 -22.1005
70.2845 67.7914 -22.2095
61.3314 76.0904 -22.3228
51.3271 83.1311 -22.5309
40.5059 88.786 -22.7612
29.1062 93.1506 -22.9306
17.2154 95.9803 -23.1307
5.05285 97.277 -23.2812
-7.15151 97.0753 -23.3119
-19.1996 95.1952 -23.4485
-30.9747 91.8981 -23.6244
-42.2294 87.2468 -23.8414
-52.8741 81.308 -24.0656
-62.5815 73.986 -24.1672
-71.382 65.5349 -24.2735
-78.9857 56.0574 -24.4105
-85.2827 45.6389 -24.5657
-90.4231 34.5943 -24.814
-93.9751 22.9275 -24.9558
-96.0655 10.9167 -24.984
-96.6122 -1.22292 -25.1645
-95.6832 -13.3537 -25.2548
-93.1414 -25.2603 -25.3134
-89.0006 -36.6862 -25.4806
-83.7421 -47.6167 -25.57
-77.0494 -57.7383 -25.6895
-69.1747 -66.9834 -25.8436
-60.199 -75.1521 -25.8782
-50.2453 -82.0796 -25.9478
-39.53 -87.7538 -26.0341
-28.1974 -92.0943 -26.1318
-16.4006 -94.8865 -26.3502
-4.3218 -96.0946 -26.3595
7.77394 -95.8672 -26.4518
19.7574 -94.2123 -26.482
31.4397 -90.9786 -26.6297
42.5656 -86.3503 -26.7211
53.0815 -80.3885 -26.7965
62.7548 -73.11 -26.8477
71.4497 -64.7262 -26.8968
79.0327 -55.3071 -27.0585
85.1726 -44.9199 -27.1572
90.0597 -33.8821 -27.3157
93.7733 -22.3845 -27.4641
95.8268 -10.4943 -27.537
96.2842 1.53088 -27.7083
95.325 13.5461 -27.8578
92.9678 25.3351 -27.89
88.9677 36.7214 -27.9178
83.6362 47.5142 -28.0974
76.996 57.527 -28.2417
69.1967 66.6655 -28.4103
60.3449 74.8362 -28.5179
50.5368 81.7652 -28.6246
39.8676 87.2636 -28.8061
28.6264 91.5331 -29.0743
16.9592 94.3469 -29.2382
4.97872 95.5586 -29.2698
-7.03066 95.3803 -29.4555
-18.8444 93.6486 -29.4933
-30.3705 90.3638 -29.7095
-41.4749 85.8135 -29.8959
-51.9615 79.9781 -30.0761
-61.4809 72.6318 -30.2172
-70.0493 64.3677 -30.319
-77.4972 55.0399 -30.4426
-83.7646 44.8456 -30.5282
-88.6898 33.9019 -30.7345
-92.2364 22.5115 -30.915
-94.2844 10.7561 -31.0575
-94.7994 -1.1799 -31.1875
-93.6216 -13.0865 -31.2261
-91.2533 -24.7408 -31.3599
-87.3675 -36.0063 -31.5177
-82.1007 -46.6988 -31.5658
-75.5876 -56.6322 -31.6749
-67.8489 -65.6596 -31.782
-59.0509 -73.6772 -31.8563
-49.2777 -80.6098 -31.9831
-38.7451 -86.1625 -32.0519
-27.6184 -90.3241 -32.1892
-16.0572 -93.1145 -32.2511
-4.21945 -94.3851 -32.4827
7.70602 -94.1462 -32.4891
19.4207 -92.3831 -32.5584
30.8433 -89.2539 -32.6699
41.8215 -84.7205 -32.7656
52.0971 -78.8016 -32.8278
61.5227 -71.657 -32.8909
70.0615 -63.4419 -32.8915
77.4202 -54.1904 -33.0245
83.4867 -44.0238 -33.0941
88.2454 -33.1961 -33.2376
91.833 -21.894 -33.3874
93.9314 -10.2724 -33.5617
94.3946 1.52668 -33.6581
93.4945 13.2954 -33.7782
91.0734 24.8901 -33.8083
87.2417 36.0525 -33.8984
81.9455 46.5609 -34.1297
75.482 56.3351 -34.1617
67.8229 65.3376 -34.3773
59.0823 73.2316 -34.3846
49.4761 80.0302 -34.5652
39.0769 85.4334 -34.7562
28.0542 89.6107 -34.9855
16.6235 92.2732 -35.0667
4.91993 93.5203 -35.1683
-6.83198 93.3214 -35.4121
-18.4265 91.6116 -35.5026
-29.7674 88.5421 -35.622
-40.5452 83.9887 -35.8437
-50.8015 78.2423 -36.0048
-60.0755 71.1195 -36.1479
-68.4688 62.9552 -36.3244
-75.7281 53.7513 -36.3477
-81.8473 43.8325 -36.4655
-86.6223 33.1611 -36.647
-90.0909 22.0001 -36.857
-92.156 10.481 -36.9631
-92.6333 -1.18717 -37.0128
-91.5588 -12.7659 -37.0664
-89.1405 -24.1696 -37.2707
-85.3538 -35.1974 -37.371
-80.1747 -45.6048 -37.4334
-73.8843 -55.3656 -37.6437
-66.2525 -64.1581 -37.5924
-57.6428 -72.0111 -37.7196
-48.1214 -78.6569 -37.7211
-37.8498 -84.1308 -37.9844
-26.9445 -88.2271 -38.0067
-15.6317 -90.9478 -38.191
-4.05243 -92.2713 -38.2917
7.57412 -92.1048 -38.4068
19.0288 -90.3955 -38.5272
30.1635 -87.2082 -38.5691
40.7809 -82.6173 -38.6208
50.8329 -76.8684 -38.71
60.0811 -69.9193 -38.7794
68.3648 -61.8917 -38.8462
75.4913 -52.8687 -38.886
81.4887 -42.9802 -39.0115
86.2324 -32.4361 -39.0681
89.6134 -21.3274 -39.1781
91.5646 -9.99514 -39.4393
92.0592 1.48649 -39.4391
91.1097 12.9915 -39.5789
88.9234 24.3163 -39.687
85.0261 35.1107 -39.8068
79.9277 45.37 -39.9711
73.642 54.9943 -40.0513
66.1444 63.6796 -40.0972
57.571 71.3635 -40.2468
48.1989 77.9618 -40.4558
38.0972 83.3341 -40.6003
27.3801 87.3008 -40.7604
16.224 89.9799 -40.927
4.81831 91.1548 -40.9954
-6.62443 90.8919 -41.1448
-17.957 89.3095 -41.3305
-28.9775 86.3388 -41.4885
-39.4911 81.8415 -41.6593
-49.4079 76.1765 -41.8083
-58.5141 69.3101 -41.8785
-66.5634 61.2298 -41.985
-73.7445 52.3937 -42.1433
-79.5459 42.6195 -42.234
-84.2437 32.271 -42.4096
-87.6247 21.4225 -42.5801
-89.5925 10.2105 -42.7218
-90.1208 -1.13636 -42.819
-89.0424 -12.4266 -42.9355
-86.6998 -23.5162 -42.9751
-83.0166 -34.2248 -43.1282
-77.9705 -44.3677 -43.239
-71.7838 -53.8469 -43.2613
-64.4382 -62.4656 -43.3245
-56.0394 -70.0479 -43.4431
-46.7519 -76.4697 -43.4842
-36.7805 -81.7915 -43.5781
-26.157 -85.7214 -43.7081
-15.1523 -88.3833 -43.8103
-3.92993 -89.6718 -43.9843
7.36147 -89.4494 -44.1749
18.4892 -87.7895 -44.2171
29.3359 -84.8061 -44.3288
39.6818 -80.3459 -44.3373
49.3855 -74.7039 -44.4223
58.3845 -67.96 -44.513
66.4235 -60.1517 -44.5233
73.4924 -51.3582 -44.6563
79.1327 -41.6839 -44.573
83.7495 -31.4557 -44.7133
86.9442 -20.76 -44.8615
88.8728 -9.72624 -45.0802
89.3056 1.47223 -45.1105
88.5121 12.6393 -45.2302
86.1419 23.5162 -45.3697
82.6159 34.07 -45.5313
77.6162 44.0927 -45.6471
71.4982 53.3911 -45.7811
64.1943 61.8163 -45.8082
55.8967 69.2191 -45.9363
46.7076 75.5364 -46.0591
36.9472 80.7594 -46.3345
26.4945 84.6034 -46.363
15.7029 87.2042 -46.539
4.66727 88.3807 -46.6038
-6.39486 88.1168 -46.8297
-17.3778 86.5177 -46.9247
-28.0381 83.5646 -47.0586
-38.2573 79.3433 -47.199
-47.8417 73.775 -47.3578
-56.6708 67.1994 -47.5207
-64.4869 59.4056 -47.5594
-71.3967 50.7647 -47.7292
-77.0631 41.3156 -47.8981
-81.5935 31.2818 -47.9841
-84.8887 20.742 -48.2322
-86.7247 9.91723 -48.2885
-87.1607 -1.07155 -48.4479
-86.2951 -12.0578 -48.5176
-83.9487 -22.7688 -48.6406
-80.398 -33.1397 -48.726
-75.5227 -42.9556 -48.8501
-69.4952 -52.1073 -48.8823
-62.3378 -60.4239 -48.9731
-54.1905 -67.7489 -48.9618
-45.2016 -74.0303 -49.0933
-35.4995 -79.0861 -49.1381
-25.3048 -82.9533 -49.2513
-14.6485 -85.4416 -49.34
-3.77014 -86.688 -49.4903
7.12139 -86.4948 -49.6953
17.8637 -84.8366 -49.691
28.3656 -81.9061 -49.8045
38.3894 -77.7061 -49.8899
47.773 -72.2312 -49.9316
56.4928 -65.7099 -50.0125
64.255 -58.1199 -50.0258
70.9845 -49.5902 -50.1023
76.5657 -40.3011 -50.1697
80.8811 -30.3954 -50.2602
84.0489 -20.0769 -50.3828
85.7776 -9.3464 -50.4749
86.3979 1.45214 -50.6451
85.4129 12.1625 -50.736
83.2856 22.7221 -50.8762
79.6899 32.8957 -50.9844
74.9871 42.5472 -51.1837
69.133 51.5918 -51.3144
62.0083 59.6653 -51.2987
54.0034 66.8046 -51.3572
45.203 72.9792 -51.5436
35.6481 77.9454 -51.7388
25.6065 81.6284 -51.8352
15.1964 84.1679 -52.0036
4.54954 85.2716 -52.1302
-6.16493 85.0863 -52.2665
-16.7682 83.5206 -52.41
-26.9957 80.5859 -52.5027
-36.8661 76.5078 -52.6433
-46.0735 71.1653 -52.8003
-54.5571 64.7429 -52.955
-62.1641 57.3044 -53.0275
-68.8383 48.9793 -53.0924
-74.3096 39.8411 -53.2407
-78.6301 30.1217 -53.4551
-81.715 20.0035 -53.5661
-83.5054 9.53525 -53.7622
-83.9493 -1.05177 -53.7992
-83.0979 -11.6228 -53.914
-80.9392 -21.9823 -54.0879
-77.4788 -31.9627 -54.1882
-72.7697 -41.4318 -54.211
-66.8463 -50.1779 -54.3028
-59.9498 -58.1543 -54.2314
-52.1407 -65.2414 -54.3136
-43.4961 -71.2623 -54.3623
-34.1674 -76.1413 -54.5166
-24.3207 -79.7638 -54.5739
-14.0866 -82.2486 -54.6938
-3.61976 -83.3837 -54.8064
6.83748 -83.1155 -55.0154
17.2148 -81.6365 -54.9957
27.2712 -78.7151 -55.0693
36.9492 -74.7277 -55.2584
46.0024 -69.4535 -55.3006
54.2618 -63.0615 -55.2964
61.7614 -55.8029 -55.4457
68.2361 -47.6582 -55.4318
73.6862 -38.7671 -55.5177
77.8373 -29.2288 -55.7351
80.7651 -19.2455 -55.7404
82.5334 -9.0222 -55.7822
82.9382 1.37181 -55.9781
82.1763 11.7007 -56.1205
79.9298 21.8278 -56.1427
76.6078 31.5729 -56.3265
72.1098 40.9142 -56.4845
66.3329 49.4976 -56.5233
59.5384 57.2638 -56.5954
51.8442 64.1297 -56.6401
43.413 70.0491 -56.7806
34.2724 74.8318 -57.004
24.6048 78.3801 -57.0941
14.557 80.7167 -57.2416
4.3698 81.7992 -57.3834
-5.9213 81.6185 -57.5018
-16.0041 80.0849 -57.6394
-25.9132 77.3511 -57.8348
-35.2933 73.3318 -57.9669
-44.1836 68.2825 -58.0798
-52.2887 62.1169 -58.2097
-59.6454 54.9894 -58.2599
-65.934 46.9331 -58.3316
-71.1866 38.2136 -58.5276
-75.3855 28.9241 -58.6527
-78.3931 19.1921 -58.7897
-79.959 9.15153 -58.9003
-80.4661 -1.03565 -58.9306
-79.4963 -11.1377 -59.0609
-77.378 -21.0467 -59.1926
-74.1445 -30.6129 -59.3347
-69.5519 -39.6248 -59.3856
-63.9541 -48.0043 -59.4476
-57.3724 -55.6751 -59.4305
-49.8844 -62.4701 -59.5314
-41.6101 -68.2242 -59.5199
-32.6871 -72.8024 -59.673
-23.2563 -76.3333 -59.7024
-13.4556 -78.6171 -59.8259
-3.48286 -79.7516 -60.0116
6.57318 -79.5303 -60.0643
16.4846 -78.0253 -60.109
26.1289 -75.3515 -60.2337
35.3807 -71.4995 -60.3384
44.0036 -66.3886 -60.4013
51.9735 -60.3553 -60.3655
59.1311 -53.3924 -60.5399
65.2796 -45.54 -60.5418
70.3774 -37.0168 -60.6864
74.4039 -27.927 -60.8617
77.2404 -18.3904 -60.8587
78.8812 -8.54789 -60.9026
79.3771 1.30165 -61.0712
78.4614 11.2043 -61.1583
76.4635 20.8497 -61.2644
73.2035 30.176 -61.4059
68.8584 39.0602 -61.5358
63.3452 47.2218 -61.6344
56.8303 54.6353 -61.6717
49.5197 61.2199 -61.7388
41.4395 66.803 -61.8252
32.7868 71.4206 -61.9473
23.4953 74.8306 -62.125
13.955 77.0689 -62.2674
4.17909 78.1065 -62.3659
-5.58158 77.8526 -62.5509
-15.245 76.4027 -62.6241
-24.6828 73.829 -62.876
-33.6769 69.9988 -63.0799
-42.1035 65.1052 -63.0842
-49.889 59.2132 -63.2356
-56.7719 52.3769 -63.2097
-62.8091 44.7996 -63.3846
-67.8643 36.4617 -63.5264
-71.8392 27.5736 -63.6109
-74.5909 18.2794 -63.7886
-76.1806 8.68968 -63.8138
-76.5341 -0.971906 -63.8766
-75.6893 -10.5641 -63.9727
-73.7016 -19.9831 -64.1698
-70.4919 -29.0898 -64.188
-66.2448 -37.7064 -64.3545
-60.8517 -45.7413 -64.3594
-54.4603 -52.9493 -64.3108
-47.4021 -59.4107 -64.3331
-39.5371 -64.8597 -64.5018
-31.0675 -69.32 -64.6858
-22.0688 -72.5961 -64.6399
-12.7628 -74.8108 -64.7783
-3.26459 -75.7884 -64.7812
6.28209 -75.6667 -64.9495
15.6706 -74.1311 -65.069
24.8611 -71.6221 -65.0424
33.6421 -67.8998 -65.1806
41.877 -63.0669 -65.2484
49.4696 -57.3581 -65.3749
56.2475 -50.7524 -65.4251
62.0071 -43.2417 -65.4624
66.9051 -35.1703 -65.5629
70.7244 -26.5361 -65.7065
73.549 -17.469 -65.79
74.9367 -8.16143 -65.8157
75.3146 1.24644 -65.8427
74.508 10.6404 -66.0004
72.5188 19.7949 -66.0963
69.5399 28.6834 -66.2044
65.3756 37.0601 -66.3929
60.0911 44.7904 -66.3927
53.9527 51.835 -66.449
47.0113 58.1166 -66.5548
39.2797 63.3514 -66.6608
31.0344 67.7028 -66.6968
22.3198 70.8802 -66.8516
13.262 72.9547 -66.9466
4.05965 73.9263 -67.1359
-5.25922 73.7952 -67.3267
-14.3711 72.3647 -67.4193
-23.3239 69.9253 -67.5441
-31.8576 66.3 -67.7083
-39.9072 61.7605 -67.9064
-47.2175 56.088 -68.0293
-53.7447 49.647 -68.0925
-59.4669 42.4168 -68.0997
-64.1405 34.4853 -68.1999
-67.8298 26.0932 -68.2819
-70.5826 17.2856 -68.407
-72.0111 8.26379 -68.4617
-72.3864 -0.888592 -68.6279
-71.5905 -9.96629 -68.7441
-69.6089 -18.9067 -68.8717
-66.6014 -27.4748 -68.879
-62.5023 -35.6135 -68.9247
-57.4196 -43.2167 -68.9669
-51.4795 -50.0745 -68.9783
-44.7224 -56.0774 -69.0672
-37.3666 -61.3422 -69.2212
-29.2864 -65.4617 -69.269
-20.7973 -68.6431 -69.3187
-11.998 -70.6345 -69.4189
-3.01077 -71.622 -69.4254
5.97192 -71.394 -69.5882
14.8748 -70.0644 -69.6676
23.5267 -67.6315 -69.7139
31.7739 -64.0636 -69.7446
39.6149 -59.6223 -69.8265
46.7614 -54.1708 -70.0149
53.0461 -47.8304 -70.0698
58.5194 -40.7967 -70.1324
63.1725 -33.1837 -70.2434
66.8282 -24.9984 -70.366
69.2567 -16.4734 -70.3744
70.7324 -7.708 -70.418
71.0544 1.20939 -70.4963
70.2564 10.0123 -70.5785
68.4089 18.6803 -70.6713
65.5164 27.0244 -70.7922
61.591 34.8875 -70.9146
56.6969 42.2424 -70.9638
50.8648 48.865 -71.0952
44.2608 54.6939 -71.0769
37.031 59.6996 -71.1914
29.2345 63.704 -71.2365
21.0305 66.6661 -71.3724
12.567 68.6126 -71.4731
3.82842 69.5022 -71.577
-4.86304 69.2852 -71.76
-13.4853 68.0992 -71.9576
-21.9328 65.7617 -71.9651
-29.9545 62.3959 -72.2212
-37.4234 58.0287 -72.3451
-44.3358 52.7734 -72.4391
-50.5407 46.6406 -72.5462
-55.8679 39.8916 -72.5645
-60.253 32.4199 -72.611
-63.6955 24.4951 -72.6531
-66.1427 16.2738 -72.7919
-67.5801 7.79315 -72.9156
-67.8891 -0.805217 -73.0957
-67.1789 -9.35565 -73.2328
-65.2861 -17.7026 -73.2943
-62.4275 -25.7567 -73.2784
-58.5766 -33.4221 -73.324
-53.8428 -40.5765 -73.3522
-48.2019 -46.9393 -73.3998
-41.9186 -52.6192 -73.4905
-34.931 -57.4747 -73.5327
-27.3992 -61.4075 -73.6242
-19.4654 -64.3585 -73.7204
-11.1559 -66.1995 -73.7823
-2.80323 -67.0462 -73.8334
5.62049 -66.835 -73.9053
13.9876 -65.551 -73.9336
22.0735 -63.285 -74.008
29.8592 -60.0302 -74.0628
37.1194 -55.82 -74.2131
43.7509 -50.6987 -74.2417
49.6641 -44.7942 -74.3879
54.8609 -38.2345 -74.4851
59.1663 -31.0446 -74.5524
62.5255 -23.3977 -74.6952
64.8962 -15.3929 -74.6991
66.2462 -7.19334 -74.6832
66.5445 1.12147 -74.7994
65.7641 9.37232 -74.8953
64.0233 17.4152 -74.9721
61.2296 25.1981 -75.0775
57.6015 32.6393 -75.1678
53.0141 39.4796 -75.2943
47.5764 45.6709 -75.3795
41.3495 51.0819 -75.3677
34.594 55.7065 -75.3986
27.2918 59.4076 -75.4708
19.6523 62.1408 -75.6282
11.7102 64.0442 -75.7035
3.58661 64.856 -75.8368
-4.57109 64.6316 -75.9652
-12.636 63.5035 -76.1034
-20.3991 61.3216 -76.237
-27.8606 58.202 -76.4132
-34.8823 54.1087 -76.5244
-41.2564 49.1456 -76.5764
-46.9962 43.444 -76.7098
-51.9496 37.086 -76.7364
-56.1126 30.2062 -76.7578
-59.2671 22.8476 -76.8359
-61.5111 15.16 -76.9125
-62.8359 7.26658 -77.0468
-63.1852 -0.736354 -77.25
-62.4641 -8.70099 -77.3347
-60.7499 -16.4731 -77.3917
-58.0654 -24 -77.4269
-54.4384 -31.1301 -77.3581
-50.0275 -37.6959 -77.4369
-44.8192 -43.6533 -77.5183
-38.8814 -48.8994 -77.4993
-32.4214 -53.3887 -77.6006
-25.4214 -57.0714 -77.6964
-17.9841 -59.7568 -77.7234
-10.3735 -61.5056 -77.8562
-2.56525 -62.2511 -77.9005
5.30136 -62.0927 -77.9638
13.0467 -60.9301 -78.0064
20.5752 -58.7512 -78.0819
27.7267 -55.7646 -78.1829
34.4626 -51.8227 -78.2715
40.6213 -47.0815 -78.3152
46.1656 -41.5991 -78.4459
50.9203 -35.4919 -78.5339
54.8848 -28.8093 -78.5836
58.023 -21.6716 -78.683
60.1475 -14.2457 -78.6686
61.3937 -6.63071 -78.7203
61.7104 1.01947 -78.8026
60.9764 8.65936 -78.8662
59.3676 16.153 -78.9871
56.772 23.3639 -79.0151
53.3633 30.211 -79.1481
49.1118 36.5296 -79.2313
44.1417 42.3401 -79.3738
38.3657 47.3494 -79.4128
32.0384 51.5847 -79.4359
25.3354 54.9672 -79.4656
18.2059 57.4974 -79.5761
10.8659 59.2178 -79.6391
3.35754 59.9878 -79.7801
-4.1696 59.8038 -79.9133
-11.5849 58.6699 -80.0665
-18.7998 56.6309 -80.1555
-25.6854 53.7559 -80.2671
-32.114 49.9247 -80.3386
-38.052 45.4098 -80.4801
-43.2633 40.1007 -80.492
-47.8699 34.227 -80.5156
-51.6842 27.882 -80.6163
-54.6344 21.0713 -80.6995
-56.6829 14.0265 -80.7726
-57.8843 6.74602 -80.837
-58.1736 -0.701311 -81.0037
-57.5309 -8.0239 -81.084
-55.9328 -15.1944 -81.1682
-53.4955 -22.1583 -81.2193
-50.1209 -28.6636 -81.1814
-46.012 -34.7012 -81.2664
-41.2316 -40.197 -81.3877
-35.7475 -44.9978 -81.337
-29.762 -49.1396 -81.384
-23.3325 -52.4723 -81.4088
-16.5418 -54.9578 -81.5461
-9.47561 -56.5542 -81.6284
-2.25553 -57.2739 -81.7075
4.92455 -57.0727 -81.7426
12.0514 -55.9875 -81.7964
18.9291 -53.9939 -81.8813
25.5448 -51.1846 -81.9451
31.6882 -47.5572 -81.934
37.3421 -43.1896 -81.9853
42.4117 -38.1527 -82.1238
46.8328 -32.5377 -82.2336
50.4714 -26.4067 -82.2266
53.2508 -19.9179 -82.2468
55.2526 -13.1126 -82.3263
56.3483 -6.11941 -82.3875
56.5944 0.959323 -82.4683
55.9462 7.94094 -82.6089
54.4437 14.8237 -82.7237
52.1091 21.4191 -82.7526
48.9248 27.6637 -82.8379
45.0669 33.4751 -82.9666
40.4302 38.728 -83.0277
35.1973 43.3532 -83.0788
29.4538 47.2265 -83.1334
23.2472 50.3475 -83.1388
16.7351 52.6503 -83.2345
10.0089 54.1846 -83.317
3.16807 54.8876 -83.4223
-3.7178 54.7132 -83.547
-10.5307 53.6318 -83.6493
-17.0932 51.7571 -83.7735
-23.3758 49.0517 -83.7829
-29.2693 45.6168 -83.8726
-34.6365 41.4779 -84.0026
-39.4711 36.6194 -84.0414
-43.6534 31.2908 -84.1564
-47.0861 25.4795 -84.1447
-49.7062 19.2456 -84.2119
-51.6225 12.7535 -84.3453
-52.7603 6.14084 -84.3947
-52.9854 -0.605634 -84.4683
-52.3211 -7.33885 -84.5894
-50.9082 -13.8549 -84.6333
-48.6954 -20.1575 -84.7384
-45.6323 -26.0848 -84.7476
-41.8634 -31.5847 -84.7871
-37.4538 -36.5421 -84.7692
-32.4768 -40.945 -84.7846
-26.9927 -44.7209 -84.8715
-21.1296 -47.7147 -84.9459
-14.9571 -49.9702 -84.995
-8.54154 -51.4448 -85.0731
-2.01863 -52.0281 -85.1194
4.54609 -51.8533 -85.1835
10.9925 -50.7642 -85.2137
17.2491 -48.9988 -85.2339
23.2001 -46.3959 -85.3191
28.8011 -43.1253 -85.3289
33.9597 -39.1518 -85.4051
38.5002 -34.5449 -85.4601
42.4662 -29.4737 -85.5326
45.7618 -23.9178 -85.6096
48.2842 -18.0127 -85.6431
50.0978 -11.865 -85.7446
51.0853 -5.5098 -85.6954
51.2554 0.857332 -85.8267
50.7042 7.22218 -85.9371
49.2818 13.415 -85.9698
47.1793 19.4049 -86.0869
44.346 25.0608 -86.1791
40.7942 30.3101 -86.2852
36.6228 35.0285 -86.4039
31.8729 39.1978 -86.4207
26.6654 42.7259 -86.4463
21.0946 45.5403 -86.5349
15.1722 47.5825 -86.5678
9.08163 48.9667 -86.6499
2.88508 49.5415 -86.6961
-3.30473 49.3595 -86.7819
-9.40801 48.3852 -86.9007
-15.3786 46.665 -86.9917
-21.0114 44.2218 -87.0508
-26.2829 41.1245 -87.1696
-31.0897 37.3361 -87.1917
-35.4964 33.0254 -87.299
-39.248 28.1779 -87.3801
-42.3334 22.9059 -87.4554
-44.7144 17.3442 -87.5118
-46.405 11.533 -87.5038
-47.3936 5.52682 -87.6188
-47.579 -0.540181 -87.6857
-47.0027 -6.5614 -87.6883
-45.6482 -12.4249 -87.7843
-43.6177 -18.0599 -87.8276
-40.8891 -23.4008 -87.8946
-37.4717 -28.2852 -87.8942
-33.5012 -32.7519 -87.8716
-29.0737 -36.7648 -87.9544
-24.166 -40.0798 -88.0294
-18.8901 -42.7493 -88.1253
-13.328 -44.7667 -88.15
-7.60704 -45.9662 -88.1492
-1.77581 -46.5711 -88.2394
4.11501 -46.3923 -88.2639
9.88991 -45.4474 -88.3703
15.4741 -43.7886 -88.333
20.8246 -41.4918 -88.3832
25.8062 -38.522 -88.3754
30.3769 -34.9825 -88.5053
34.4849 -30.8778 -88.5187
37.9979 -26.3037 -88.5978
40.8882 -21.3599 -88.6176
43.1302 -16.0439 -88.6622
44.7076 -10.5437 -88.6657
45.5949 -4.91169 -88.6924
45.7777 0.774685 -88.8432
45.2332 6.44102 -88.9133
43.9766 12.0034 -88.9848
42.0887 17.3186 -89.0772
39.536 22.3444 -89.1655
36.3913 26.9827 -89.2989
32.6477 31.2095 -89.3862
28.4042 34.8841 -89.3846
23.7852 38.0035 -89.4895
18.7794 40.5202 -89.5451
13.5562 42.3119 -89.523
8.09539 43.539 -89.6435
2.6286 43.9828 -89.6989
-2.84728 43.7881 -89.7734
-8.30743 42.9271 -89.7921
-13.5839 41.4051 -89.9381
-18.5951 39.2301 -89.9421
-23.1958 36.4212 -90.0176
-27.5101 33.1027 -90.0431
-31.3516 29.2436 -90.1577
-34.6743 24.9666 -90.2234
-37.4235 20.3101 -90.333
-39.5303 15.3746 -90.3875
-41.0362 10.2135 -90.4238
-41.8274 4.91374 -90.431
-41.9815 -0.462541 -90.5166
-41.4308 -5.7707 -90.4885
-40.231 -10.9417 -90.5737
-38.425 -15.9322 -90.6128
-35.9797 -20.6183 -90.6731
-32.9932 -24.9773 -90.6885
-29.4683 -28.9242 -90.6947
-25.5482 -32.3812 -90.7393
-21.2124 -35.2894 -90.8522
-16.5481 -37.6451 -90.8777
-11.6863 -39.3339 -90.9142
-6.6271 -40.4369 -90.9278
-1.47439 -40.9743 -91.0005
3.65121 -40.7661 -91.0292
8.75014 -39.9203 -91.0638
13.6758 -38.4554 -91.1198
18.3408 -36.4121 -91.1295
22.7153 -33.7837 -91.1795
26.7441 -30.6772 -91.2629
30.279 -27.073 -91.2874
33.3257 -23.0464 -91.2712
35.8578 -18.6572 -91.269
37.8299 -14.056 -91.3905
39.2429 -9.19843 -91.4321
39.9781 -4.26067 -91.4714
40.0837 0.703474 -91.5276
39.6101 5.68351 -91.568
38.4918 10.4977 -91.6774
36.8064 15.1727 -91.7405
34.5496 19.5152 -91.8239
31.7855 23.5665 -91.9446
28.511 27.2384 -91.9401
24.8311 30.4439 -92.0001
20.8039 33.1626 -92.0831
16.4362 35.2723 -92.0897
11.8677 36.9025 -92.2115
7.15617 37.8615 -92.2439
2.35568 38.2872 -92.2852
-2.44656 38.1036 -92.3503
-7.13798 37.3336 -92.3907
-11.7059 35.9606 -92.4566
-16.0361 34.0781 -92.5756
-20.0984 31.6407 -92.5909
-23.8403 28.7493 -92.6219
-27.1169 25.361 -92.6749
-29.9355 21.6639 -92.7411
-32.3104 17.6164 -92.794
-34.1428 13.285 -92.8539
-35.4188 8.87257 -92.9139
-36.1186 4.27326 -92.9294
-36.2291 -0.363461 -92.9873
-35.7458 -4.95787 -92.9674
-34.6529 -9.41829 -93.0131
-33.0905 -13.7217 -93.0694
-30.9604 -17.7947 -93.0764
-28.3627 -21.5377 -93.1198
-25.3161 -24.8995 -93.1168
-21.9303 -27.8564 -93.1838
-18.2188 -30.3334 -93.2237
-14.1923 -32.3392 -93.2817
-9.94912 -33.7969 -93.3028
-5.61613 -34.7591 -93.3253
-1.18041 -35.1309 -93.361
3.23617 -34.9438 -93.4112
7.57376 -34.2285 -93.4737
11.789 -32.9703 -93.473
15.8063 -31.1808 -93.5282
19.545 -28.9147 -93.5549
22.9491 -26.2239 -93.609
25.9776 -23.1227 -93.6307
28.6001 -19.6835 -93.6426
30.7161 -15.9631 -93.6695
32.3992 -11.9858 -93.7312
33.5878 -7.82551 -93.7943
34.1711 -3.61804 -93.8279
34.3031 0.68134 -93.8517
33.8391 4.87875 -93.8721
32.8565 8.9821 -93.9524
31.4091 12.9191 -94.0233
29.4825 16.632 -94.1178
27.1018 20.0937 -94.1854
24.312 23.192 -94.2174
21.162 25.8733 -94.2982
17.7612 28.1578 -94.3469
14.0317 29.9334 -94.3554
10.1449 31.2836 -94.4595
6.17195 32.0883 -94.4931
2.09348 32.4253 -94.5395
-1.9645 32.2416 -94.5251
-5.92625 31.5295 -94.5766
-9.77532 30.413 -94.6579
-13.468 28.7611 -94.7374
-16.8887 26.7115 -94.7989
-19.9971 24.2733 -94.811
-22.7197 21.407 -94.8412
-25.1018 18.226 -94.8572
-27.0964 14.8216 -94.904
-28.5927 11.2085 -94.896
-29.6402 7.45608 -94.9607
-30.2355 3.59782 -94.9844
-30.2896 -0.290821 -94.9791
-29.8865 -4.14321 -95.0732
-28.9507 -7.87984 -95.088
-27.6216 -11.4676 -95.1653
-25.8187 -14.8785 -95.1907
-23.6571 -17.9928 -95.2027
-21.0758 -20.7616 -95.2208
-18.2078 -23.2062 -95.2129
-15.0908 -25.2715 -95.2736
-11.7346 -26.9149 -95.3092
-8.22565 -28.1425 -95.3479
-4.59663 -28.8567 -95.3581
-0.898403 -29.1584 -95.4031
2.75097 -29.0215 -95.4321
6.40138 -28.3873 -95.4781
9.89424 -27.3365 -95.4709
13.2012 -25.8426 -95.5405
16.2692 -23.9715 -95.5756
19.1045 -21.6818 -95.6256
21.6159 -19.1172 -95.6799
23.7054 -16.2947 -95.6463
25.4987 -13.1899 -95.7432
26.8453 -9.87985 -95.7378
27.7557 -6.46689 -95.7337
28.2775 -2.91875 -95.7586
28.3319 0.595066 -95.8214
27.928 4.01355 -95.8552
27.0951 7.39828 -95.8985
25.8972 10.6329 -95.9688
24.28 13.6845 -95.9602
22.3021 16.4954 -96.036
20.0302 18.9672 -96.0685
17.4499 21.1651 -96.1192
14.6054 22.9948 -96.1513
11.6002 24.4519 -96.2495
8.40679 25.5374 -96.2999
5.10541 26.1746 -96.3551
1.80187 26.4258 -96.3642
-1.50611 26.2385 -96.3604
-4.71469 25.6711 -96.3995
-7.8373 24.7254 -96.4874
-10.7928 23.3604 -96.4998
-13.5733 21.6584 -96.5774
-16.0786 19.6776 -96.6064
-18.3006 17.3349 -96.6525
-20.1962 14.747 -96.609
-21.7623 12.0016 -96.6405
-22.9724 9.04879 -96.6681
-23.7844 6.02464 -96.6271
-24.2102 2.9257 -96.6896
-24.248 -0.194925 -96.7165
-23.8616 -3.27952 -96.7496
-23.1291 -6.27064 -96.8094
-22.0169 -9.16967 -96.8256
-20.582 -11.8817 -96.8924
-18.8042 -14.3144 -96.9065
-16.7485 -16.5544 -96.8999
-14.4264 -18.4877 -96.9173
-11.9201 -20.1027 -96.9031
-9.23191 -21.3855 -96.9464
-6.40178 -22.3203 -97.008
-3.54511 -22.9147 -97.0203
-0.549078 -23.1155 -97.0679
2.32235 -22.9643 -97.0817
5.16873 -22.4641 -97.1198
7.92311 -21.5995 -97.1544
10.5487 -20.3761 -97.1761
12.9564 -18.8714 -97.2
15.14 -17.0699 -97.2193
17.1354 -15.0087 -97.278
18.7487 -12.7743 -97.2859
20.1346 -10.344 -97.3303
21.1952 -7.73202 -97.3229
21.8778 -5.01758 -97.3106
22.2085 -2.27726 -97.3069
22.2271 0.476901 -97.3991
21.9121 3.1809 -97.3836
21.2357 5.7915 -97.4639
20.2414 8.31948 -97.4726
18.9797 10.6733 -97.4931
17.4123 12.8227 -97.5354
15.6128 14.7379 -97.5465
13.6218 16.4161 -97.5763
11.4145 17.7917 -97.6355
9.09097 18.8809 -97.6645
6.62744 19.6688 -97.743
4.0907 20.1688 -97.8257
1.56278 20.3226 -97.8082
-0.992147 20.1408 -97.8299
-3.49112 19.6942 -97.8498
-5.86556 18.9141 -97.881
-8.13483 17.8754 -97.935
-10.1916 16.5639 -97.9673
-12.0928 14.987 -98.0037
-13.768 13.2054 -97.9823
-15.1912 11.2317 -98.0073
-16.3637 9.12242 -98.0066
-17.2553 6.84733 -98.0064
-17.8335 4.55263 -97.994
-18.1209 2.21863 -98.0114
-18.1067 -0.12001 -98.0784
-17.8092 -2.38083 -98.0999
-17.2092 -4.6726 -98.1069
-16.351 -6.82511 -98.1581
-15.2456 -8.81309 -98.1499
-13.8939 -10.6488 -98.2137
-12.3349 -12.2823 -98.2141
-10.5892 -13.6916 -98.2393
-8.72124 -14.8647 -98.2126
-6.6933 -15.7949 -98.244
-4.56671 -16.4593 -98.2553
-2.45191 -16.8551 -98.2652
-0.287578 -16.9778 -98.3158
1.84479 -16.8201 -98.3428
3.94498 -16.4202 -98.3856
5.94522 -15.7582 -98.3971
7.83929 -14.8448 -98.3642
9.58786 -13.7017 -98.4228
11.1881 -12.3747 -98.4929
12.5643 -10.8739 -98.4907
13.7437 -9.20182 -98.5199
14.716 -7.40506 -98.4894
15.4113 -5.54766 -98.514
15.8927 -3.56456 -98.5182
16.1055 -1.61715 -98.5412
16.067 0.359018 -98.5125
15.7874 2.31078 -98.562
15.2745 4.18962 -98.5726
14.5293 5.95456 -98.6425
13.6015 7.62494 -98.6646
12.4635 9.11514 -98.6609
11.1804 10.4277 -98.6827
9.74913 11.5712 -98.6853
8.17995 12.4974 -98.7193
6.50872 13.2516 -98.7644
4.80177 13.7675 -98.7893
3.05672 14.0801 -98.8709
1.23499 14.1567 -98.8855
-0.500831 14.0028 -98.8767
-2.22191 13.6408 -98.8831
-3.82703 13.081 -98.9223
-5.37122 12.3167 -98.9924
-6.79807 11.3674 -98.9718
-8.09608 10.2622 -98.9871
-9.19402 9.0175 -98.9954
-10.1589 7.63219 -98.9822
-10.9065 6.18452 -98.9935
-11.4429 4.67753 -99.0097
-11.7972 3.11026 -98.9879
-11.955 1.585 -99.0343
-11.8924 0.00482043 -99.03
-11.6539 -1.55208 -99.0454
-11.2406 -3.03646 -99.0346
-10.6129 -4.44753 -99.0882
-9.84522 -5.73822 -99.1128
-8.90898 -6.91708 -99.1086
-7.85475 -7.97167 -99.1175
-6.71152 -8.84203 -99.1249
-5.46868 -9.56237 -99.1031
-4.1644 -10.1194 -99.1041
-2.76972 -10.5252 -99.1413
-1.36967 -10.7279 -99.1514
0.024289 -10.7719 -99.1778
1.36371 -10.6381 -99.1917
2.69696 -10.3249 -99.2038
3.9964 -9.83999 -99.2284
5.12675 -9.25609 -99.2491
6.18482 -8.4994 -99.2537
7.15161 -7.63519 -99.2978
7.97439 -6.66749 -99.3009
8.6782 -5.58416 -99.3342
9.20573 -4.47461 -99.3261
9.60127 -3.3165 -99.3217
9.83294 -2.12706 -99.3285
9.9188 -0.883034 -99.3095
9.85298 0.280452 -99.3539
9.63846 1.45346 -99.3365
9.26092 2.53435 -99.3764
8.78805 3.55823 -99.3631
8.19027 4.4935 -99.3896
7.48026 5.35486 -99.4207
6.69518 6.06391 -99.4083
5.85076 6.68835 -99.4475
4.92093 7.17871 -99.4684
3.94136 7.5539 -99.489
2.96463 7.79672 -99.5051
1.96088 7.92573 -99.5569
0.94286 7.90807 -99.589
-0.024725 7.77725 -99.565
-0.943527 7.51499 -99.5474
-1.84854 7.14177 -99.5501
-2.6453 6.69278 -99.5685
-3.36076 6.14739 -99.5743
-4.04159 5.49587 -99.611
-4.60961 4.7748 -99.581
-5.02567 4.04827 -99.6016
-5.37315 3.248 -99.5658
-5.60328 2.43185 -99.5573
-5.71647 1.6213 -99.5612
-5.71806 0.837322 -99.5684
-5.63913 0.0707901 -99.5735
-5.47381 -0.689283 -99.5913
-5.20883 -1.38243 -99.5883
-4.84807 -2.03762 -99.5942
-4.40438 -2.64538 -99.6114
-3.9035 -3.16701 -99.6292
-3.36747 -3.60208 -99.6193
-2.80334 -3.95641 -99.6204
-2.19902 -4.22477 -99.6334
-1.58441 -4.42516 -99.6339
-0.918838 -4.53659 -99.648
-0.280748 -4.56459 -99.6537
0.337344 -4.51994 -99.644
0.917332 -4.3896 -99.65
1.46631 -4.18062 -99.6644
1.93717 -3.93188 -99.6935
2.38685 -3.6144 -99.7154
2.77572 -3.25324 -99.7088
3.09593 -2.85432 -99.7358
3.36574 -2.41777 -99.7349
3.5503 -1.96377 -99.7472
3.67566 -1.51572 -99.7355
3.74546 -1.0565 -99.7507
3.74279 -0.608041 -99.754
3.68417 -0.198557 -99.7558
3.59215 0.198779 -99.7523
3.42091 0.556166 -99.7602
3.2153 0.881126 -99.7591
2.99769 1.1576 -99.7841
2.73856 1.40243 -99.7889
2.47068 1.57833 -99.797
2.19716 1.70807 -99.7766
1.90879 1.78548 -99.795
1.64026 1.83827 -99.8031
1.34034 1.84725 -99.7966
1.09349 1.79855 -99.8006
0.847182 1.7499 -99.812
0.641522 1.64525 -99.8159
0.440462 1.50887 -99.8175
0.283686 1.36938 -99.8075
0.171134 1.19962 -99.8072
0.0998414 1.04941 -99.8075
0.0456684 0.878506 -99.7862
0.0312564 0.713404 -99.7763
0.052384 0.546294 -99.7605
0.0986514 0.422946 -99.7545
0.178832 0.301521 -99.7491
0.267813 0.216358 -99.7525
0.387992 0.166154 -99.7394
0.524444 0.140024 -99.728
