-1.000000000 0.025151638
-0.997997998 0.079516875
-0.995995996 0.072969857
-0.993993994 -0.013872053
-0.991991992 -0.000053785
-0.989989990 0.051858947
-0.987987988 0.015148518
-0.985985986 0.076203545
-0.983983984 -0.033086545
-0.981981982 0.036518131
-0.979979980 0.025616181
-0.977977978 0.091926568
-0.975975976 -0.072214015
-0.973973974 0.008662975
-0.971971972 0.011931057
-0.969969970 -0.131688481
-0.967967968 0.083817242
-0.965965966 0.177592402
-0.963963964 -0.004784375
-0.961961962 0.026478155
-0.959959960 -0.018509234
-0.957957958 0.032538224
-0.955955956 -0.013197042
-0.953953954 0.003600712
-0.951951952 0.106912630
-0.949949950 -0.040892699
-0.947947948 -0.024492973
-0.945945946 0.005625562
-0.943943944 0.002353811
-0.941941942 0.096783884
-0.939939940 0.132425733
-0.937937938 -0.048016009
-0.935935936 -0.027657712
-0.933933934 0.042161378
-0.931931932 -0.011778506
-0.929929930 0.130766809
-0.927927928 0.109481669
-0.925925926 0.045005928
-0.923923924 0.045419988
-0.921921922 -0.008563510
-0.919919920 0.057699319
-0.917917918 0.079668860
-0.915915916 0.020660105
-0.913913914 0.127999089
-0.911911912 0.052696236
-0.909909910 0.005999937
-0.907907908 0.035014747
-0.905905906 0.078704864
-0.903903904 -0.010826641
-0.901901902 0.008091166
-0.899899900 0.155773771
-0.897897898 -0.014899275
-0.895895896 0.070477772
-0.893893894 0.062950245
-0.891891892 0.109363951
-0.889889890 0.045753505
-0.887887888 -0.133550019
-0.885885886 -0.036618810
-0.883883884 0.045410030
-0.881881882 0.030347468
-0.879879880 0.132804938
-0.877877878 0.099616185
-0.875875876 0.045228609
-0.873873874 0.020571837
-0.871871872 -0.077121104
-0.869869870 0.127764883
-0.867867868 0.024206834
-0.865865866 -0.076402765
-0.863863864 0.042548731
-0.861861862 0.022925710
-0.859859860 -0.017273344
-0.857857858 0.046732440
-0.855855856 -0.025098446
-0.853853854 -0.063323144
-0.851851852 -0.087491320
-0.849849850 -0.003850924
-0.847847848 -0.019434729
-0.845845846 0.044815707
-0.843843844 -0.071533484
-0.841841842 0.006351688
-0.839839840 -0.071238315
-0.837837838 0.127879657
-0.835835836 0.012505473
-0.833833834 0.093327640
-0.831831832 0.049685647
-0.829829830 0.074741421
-0.827827828 -0.048787986
-0.825825826 0.096160664
-0.823823824 0.108104271
-0.821821822 -0.103408533
-0.819819820 0.010861572
-0.817817818 -0.017420484
-0.815815816 0.031353002
-0.813813814 -0.028793085
-0.811811812 0.039225703
-0.809809810 0.058574085
-0.807807808 0.037700039
-0.805805806 0.016187916
-0.803803804 -0.053800966
-0.801801802 0.027295288
-0.799799800 -0.007133343
-0.797797798 -0.052334589
-0.795795796 0.021321052
-0.793793794 0.012404834
-0.791791792 0.036806050
-0.789789790 0.085117574
-0.787787788 0.060453381
-0.785785786 0.104530297
-0.783783784 -0.017267051
-0.781781782 -0.025071630
-0.779779780 0.021422706
-0.777777778 0.110429515
-0.775775776 0.105979916
-0.773773774 0.020536334
-0.771771772 -0.007397614
-0.769769770 -0.062490460
-0.767767768 0.069396118
-0.765765766 0.030797420
-0.763763764 -0.040895533
-0.761761762 0.010046031
-0.759759760 -0.079293692
-0.757757758 0.056629900
-0.755755756 0.020751865
-0.753753754 0.129431055
-0.751751752 -0.049640003
-0.749749750 0.090529422
-0.747747748 0.041294971
-0.745745746 0.038014623
-0.743743744 0.076444380
-0.741741742 0.105444054
-0.739739740 -0.030033811
-0.737737738 0.113763362
-0.735735736 -0.037567144
-0.733733734 -0.029005499
-0.731731732 -0.004499277
-0.729729730 0.080459623
-0.727727728 -0.027503508
-0.725725726 0.057204009
-0.723723724 0.062265799
-0.721721722 0.047236621
-0.719719720 0.071705089
-0.717717718 -0.031493534
-0.715715716 0.099783741
-0.713713714 0.046596112
-0.711711712 0.084049377
-0.709709710 -0.018297829
-0.707707708 0.044306502
-0.705705706 0.094317529
-0.703703704 0.102992268
-0.701701702 0.037570474
-0.699699700 -0.068087556
-0.697697698 -0.022186503
-0.695695696 0.057244292
-0.693693694 0.092290829
-0.691691692 0.072938578
-0.689689690 0.008914031
-0.687687688 0.180862242
-0.685685686 0.051071302
-0.683683684 0.099199328
-0.681681682 0.022870578
-0.679679680 -0.018534077
-0.677677678 0.090033196
-0.675675676 0.111740341
-0.673673674 0.159380652
-0.671671672 0.018882836
-0.669669670 -0.046475441
-0.667667668 0.148827419
-0.665665666 0.068230539
-0.663663664 -0.014646963
-0.661661662 0.020037202
-0.659659660 0.005669524
-0.657657658 0.124479565
-0.655655656 0.090971355
-0.653653654 0.070642348
-0.651651652 0.071145367
-0.649649650 0.008072769
-0.647647648 0.117602501
-0.645645646 0.079459409
-0.643643644 0.043674699
-0.641641642 0.048934021
-0.639639640 0.054593943
-0.637637638 0.008163929
-0.635635636 0.106564912
-0.633633634 0.146317885
-0.631631632 0.211929981
-0.629629630 0.094449159
-0.627627628 0.015590769
-0.625625626 0.077731737
-0.623623624 0.005990585
-0.621621622 0.030372114
-0.619619620 0.028381100
-0.617617618 0.018689533
-0.615615616 0.092146402
-0.613613614 0.003315470
-0.611611612 0.111058988
-0.609609610 0.119541123
-0.607607608 0.134875551
-0.605605606 0.072213360
-0.603603604 0.111397985
-0.601601602 0.183274625
-0.599599600 0.079108943
-0.597597598 0.066103056
-0.595595596 0.183981188
-0.593593594 -0.072031481
-0.591591592 0.051974685
-0.589589590 0.226074858
-0.587587588 0.052856071
-0.585585586 0.048423729
-0.583583584 0.009364602
-0.581581582 0.131448028
-0.579579580 -0.041797831
-0.577577578 0.037771774
-0.575575576 0.120700245
-0.573573574 0.087550866
-0.571571572 0.126038135
-0.569569570 0.097163907
-0.567567568 0.131413986
-0.565565566 0.014311156
-0.563563564 0.105645198
-0.561561562 -0.000420046
-0.559559560 0.141594714
-0.557557558 0.076997443
-0.555555556 0.135995034
-0.553553554 0.065481624
-0.551551552 0.118512602
-0.549549550 0.163112956
-0.547547548 -0.017828301
-0.545545546 -0.009994160
-0.543543544 -0.006786214
-0.541541542 0.155187243
-0.539539540 0.129710208
-0.537537538 0.064389604
-0.535535536 0.197628529
-0.533533534 0.117113139
-0.531531532 0.014806792
-0.529529530 0.050048993
-0.527527528 0.029276436
-0.525525526 0.170887542
-0.523523524 0.078742260
-0.521521522 0.045722450
-0.519519520 0.082647065
-0.517517518 0.068337070
-0.515515516 0.170961793
-0.513513514 0.149695780
-0.511511512 0.140479037
-0.509509510 0.148582029
-0.507507508 0.127521341
-0.505505506 0.069330884
-0.503503504 0.160089704
-0.501501502 0.079668594
-0.499499499 0.065977100
-0.497497497 0.067213108
-0.495495495 0.185211129
-0.493493493 0.193292615
-0.491491491 0.030303852
-0.489489489 0.128363797
-0.487487487 0.153794634
-0.485485485 0.103496082
-0.483483483 0.187231491
-0.481481481 0.158304585
-0.479479479 0.135347534
-0.477477477 0.112564324
-0.475475475 0.188134196
-0.473473473 0.199987935
-0.471471471 0.178718315
-0.469469469 0.137715674
-0.467467467 0.208917344
-0.465465465 0.100813971
-0.463463463 0.165474975
-0.461461461 0.242187859
-0.459459459 0.148629312
-0.457457457 0.111002191
-0.455455455 0.279872966
-0.453453453 0.150099004
-0.451451451 0.193072377
-0.449449449 0.120032827
-0.447447447 0.187193767
-0.445445445 0.199659408
-0.443443443 0.173626612
-0.441441441 0.194646438
-0.439439439 0.249097863
-0.437437437 0.094330928
-0.435435435 0.192680515
-0.433433433 0.062657414
-0.431431431 0.185629821
-0.429429429 0.301566023
-0.427427427 0.244026835
-0.425425425 0.188980429
-0.423423423 0.170952426
-0.421421421 0.224807682
-0.419419419 0.258404320
-0.417417417 0.197767207
-0.415415415 0.295674703
-0.413413413 0.151757830
-0.411411411 0.082777536
-0.409409409 0.159699420
-0.407407407 0.194594357
-0.405405405 0.186162566
-0.403403403 0.159675355
-0.401401401 0.292755245
-0.399399399 0.117559149
-0.397397397 0.187060231
-0.395395395 0.160456173
-0.393393393 0.192226643
-0.391391391 0.182776002
-0.389389389 0.253534878
-0.387387387 0.164469313
-0.385385385 0.179807484
-0.383383383 0.237242841
-0.381381381 0.298355840
-0.379379379 0.124200843
-0.377377377 0.345626976
-0.375375375 0.187122399
-0.373373373 0.280885556
-0.371371371 0.307205887
-0.369369369 0.325841603
-0.367367367 0.217652067
-0.365365365 0.252403656
-0.363363363 0.243467410
-0.361361361 0.219147888
-0.359359359 0.274081690
-0.357357357 0.281602635
-0.355355355 0.241263371
-0.353353353 0.272675393
-0.351351351 0.427493438
-0.349349349 0.268982458
-0.347347347 0.314425586
-0.345345345 0.246439070
-0.343343343 0.244915747
-0.341341341 0.258251085
-0.339339339 0.315294494
-0.337337337 0.235764152
-0.335335335 0.175127846
-0.333333333 0.291958367
-0.331331331 0.265053765
-0.329329329 0.310524834
-0.327327327 0.301298795
-0.325325325 0.342479900
-0.323323323 0.355300425
-0.321321321 0.224251496
-0.319319319 0.214861595
-0.317317317 0.339040730
-0.315315315 0.329848395
-0.313313313 0.257697128
-0.311311311 0.390884289
-0.309309309 0.321225731
-0.307307307 0.329275307
-0.305305305 0.340924982
-0.303303303 0.372377080
-0.301301301 0.421246476
-0.299299299 0.316718430
-0.297297297 0.231267047
-0.295295295 0.398597599
-0.293293293 0.284817729
-0.291291291 0.417805203
-0.289289289 0.310527755
-0.287287287 0.438108734
-0.285285285 0.302993817
-0.283283283 0.287339008
-0.281281281 0.414263403
-0.279279279 0.277825492
-0.277277277 0.403214574
-0.275275275 0.391428959
-0.273273273 0.359352574
-0.271271271 0.350254624
-0.269269269 0.497021861
-0.267267267 0.353896308
-0.265265265 0.367779780
-0.263263263 0.325699795
-0.261261261 0.336055803
-0.259259259 0.352694091
-0.257257257 0.493138101
-0.255255255 0.370004270
-0.253253253 0.354895756
-0.251251251 0.372283814
-0.249249249 0.444923994
-0.247247247 0.326008689
-0.245245245 0.445477649
-0.243243243 0.330876815
-0.241241241 0.405814031
-0.239239239 0.306967608
-0.237237237 0.451659035
-0.235235235 0.464003535
-0.233233233 0.384112093
-0.231231231 0.447358315
-0.229229229 0.441018067
-0.227227227 0.503743104
-0.225225225 0.444852721
-0.223223223 0.502474676
-0.221221221 0.436062929
-0.219219219 0.407137447
-0.217217217 0.446726300
-0.215215215 0.440019235
-0.213213213 0.507855901
-0.211211211 0.454567272
-0.209209209 0.410444804
-0.207207207 0.454614529
-0.205205205 0.538209452
-0.203203203 0.444990327
-0.201201201 0.433360913
-0.199199199 0.534912466
-0.197197197 0.484943519
-0.195195195 0.460105884
-0.193193193 0.440538235
-0.191191191 0.399078122
-0.189189189 0.500072608
-0.187187187 0.474851550
-0.185185185 0.516010430
-0.183183183 0.412485502
-0.181181181 0.582191339
-0.179179179 0.535116268
-0.177177177 0.414888796
-0.175175175 0.575311646
-0.173173173 0.479634242
-0.171171171 0.536021974
-0.169169169 0.534054899
-0.167167167 0.471192064
-0.165165165 0.355195400
-0.163163163 0.562006025
-0.161161161 0.512341643
-0.159159159 0.499981164
-0.157157157 0.563973699
-0.155155155 0.500441549
-0.153153153 0.585074314
-0.151151151 0.556833952
-0.149149149 0.491274809
-0.147147147 0.603933953
-0.145145145 0.585161078
-0.143143143 0.634782836
-0.141141141 0.509053629
-0.139139139 0.511848192
-0.137137137 0.587313210
-0.135135135 0.611479803
-0.133133133 0.624083915
-0.131131131 0.577721339
-0.129129129 0.566105666
-0.127127127 0.622351238
-0.125125125 0.703970862
-0.123123123 0.642084874
-0.121121121 0.596986735
-0.119119119 0.560341962
-0.117117117 0.627689537
-0.115115115 0.571543144
-0.113113113 0.617774101
-0.111111111 0.653033061
-0.109109109 0.664658027
-0.107107107 0.647345905
-0.105105105 0.697581987
-0.103103103 0.728818676
-0.101101101 0.506718920
-0.099099099 0.516681988
-0.097097097 0.570860437
-0.095095095 0.509150633
-0.093093093 0.610398913
-0.091091091 0.614430680
-0.089089089 0.652421088
-0.087087087 0.657336880
-0.085085085 0.601759373
-0.083083083 0.596883470
-0.081081081 0.696029727
-0.079079079 0.628242329
-0.077077077 0.571610356
-0.075075075 0.657214565
-0.073073073 0.671547363
-0.071071071 0.637330907
-0.069069069 0.704488645
-0.067067067 0.680893849
-0.065065065 0.657237559
-0.063063063 0.670016449
-0.061061061 0.702788841
-0.059059059 0.651441204
-0.057057057 0.617246548
-0.055055055 0.673814074
-0.053053053 0.693492340
-0.051051051 0.718891955
-0.049049049 0.689089972
-0.047047047 0.666014850
-0.045045045 0.731784382
-0.043043043 0.691728067
-0.041041041 0.749484703
-0.039039039 0.698186379
-0.037037037 0.705696069
-0.035035035 0.703048667
-0.033033033 0.655760294
-0.031031031 0.657879270
-0.029029029 0.658272298
-0.027027027 0.825471832
-0.025025025 0.708794457
-0.023023023 0.779641427
-0.021021021 0.746564146
-0.019019019 0.839556658
-0.017017017 0.785996205
-0.015015015 0.659113011
-0.013013013 0.715442296
-0.011011011 0.790908020
-0.009009009 0.757019697
-0.007007007 0.877946296
-0.005005005 0.741453787
-0.003003003 0.653494583
-0.001001001 0.775517183
0.001001001 0.696415302
0.003003003 0.756329217
0.005005005 0.820271009
0.007007007 0.776290480
0.009009009 0.777975911
0.011011011 0.750348649
0.013013013 0.755566855
0.015015015 0.760324653
0.017017017 0.600712929
0.019019019 0.794377510
0.021021021 0.832311176
0.023023023 0.697139898
0.025025025 0.685767458
0.027027027 0.816420075
0.029029029 0.690768016
0.031031031 0.682501348
0.033033033 0.832636276
0.035035035 0.748059109
0.037037037 0.864014695
0.039039039 0.713775228
0.041041041 0.756426642
0.043043043 0.809752321
0.045045045 0.830160503
0.047047047 0.827192693
0.049049049 0.812543277
0.051051051 0.789174938
0.053053053 0.770103771
0.055055055 0.835565381
0.057057057 0.785392479
0.059059059 0.835751516
0.061061061 0.877555318
0.063063063 0.679157694
0.065065065 0.924197341
0.067067067 0.779802142
0.069069069 0.898496823
0.071071071 0.914374783
0.073073073 0.734901092
0.075075075 0.835394622
0.077077077 1.034483114
0.079079079 0.815345602
0.081081081 0.859102371
0.083083083 0.851467298
0.085085085 0.909363688
0.087087087 0.900382427
0.089089089 0.779813229
0.091091091 0.811925731
0.093093093 0.860451098
0.095095095 0.837962642
0.097097097 0.995161168
0.099099099 0.870964157
0.101101101 0.872466187
0.103103103 0.797511256
0.105105105 0.770865399
0.107107107 0.898494958
0.109109109 0.840528558
0.111111111 0.892818749
0.113113113 0.805473576
0.115115115 0.910599042
0.117117117 0.749499748
0.119119119 0.953764499
0.121121121 0.911995574
0.123123123 0.869244407
0.125125125 0.794386207
0.127127127 0.841604999
0.129129129 0.882107361
0.131131131 0.940697412
0.133133133 0.807585734
0.135135135 0.948663127
0.137137137 1.038385764
0.139139139 0.843909645
0.141141141 0.903076594
0.143143143 0.836821199
0.145145145 0.774538154
0.147147147 0.967071604
0.149149149 0.921761923
0.151151151 0.850733522
0.153153153 0.889428732
0.155155155 0.870075770
0.157157157 0.797387566
0.159159159 0.713367404
0.161161161 0.884664319
0.163163163 0.860958057
0.165165165 0.855289805
0.167167167 0.840301976
0.169169169 0.783186511
0.171171171 0.862066486
0.173173173 0.904195342
0.175175175 0.831928661
0.177177177 0.923784390
0.179179179 0.881493732
0.181181181 0.892870678
0.183183183 0.814297448
0.185185185 0.855254717
0.187187187 0.926792701
0.189189189 0.855843407
0.191191191 0.913982352
0.193193193 1.023993019
0.195195195 0.954059394
0.197197197 0.969600088
0.199199199 1.049982675
0.201201201 0.979881568
0.203203203 0.934207535
0.205205205 1.028393614
0.207207207 0.858005299
0.209209209 0.872312018
0.211211211 1.035285665
0.213213213 0.942386405
0.215215215 0.913527903
0.217217217 0.944463299
0.219219219 0.902034558
0.221221221 0.901264953
0.223223223 0.896468012
0.225225225 0.887319216
0.227227227 0.864809132
0.229229229 0.918707129
0.231231231 0.888673412
0.233233233 1.010513632
0.235235235 0.938973142
0.237237237 0.986954833
0.239239239 0.918104658
0.241241241 0.922415292
0.243243243 1.003608719
0.245245245 1.017023267
0.247247247 0.931676819
0.249249249 1.032030091
0.251251251 0.959798116
0.253253253 0.954131248
0.255255255 1.064296612
0.257257257 1.025666977
0.259259259 0.988703022
0.261261261 0.959136827
0.263263263 0.903424545
0.265265265 0.929533187
0.267267267 1.046477275
0.269269269 0.816570598
0.271271271 0.900338712
0.273273273 0.927918230
0.275275275 0.948824757
0.277277277 0.833570114
0.279279279 0.973014529
0.281281281 0.985714907
0.283283283 0.886176444
0.285285285 0.927673954
0.287287287 0.871058263
0.289289289 1.041976930
0.291291291 0.967540968
0.293293293 0.930696327
0.295295295 0.890835492
0.297297297 0.952888939
0.299299299 1.048626106
0.301301301 0.964678458
0.303303303 0.969947479
0.305305305 0.877308508
0.307307307 0.959873451
0.309309309 0.997043947
0.311311311 0.868150508
0.313313313 1.019289703
0.315315315 1.100069664
0.317317317 0.859212638
0.319319319 0.829227295
0.321321321 0.949402906
0.323323323 0.999832399
0.325325325 0.949907031
0.327327327 0.945813987
0.329329329 0.956222163
0.331331331 0.892460155
0.333333333 0.858200563
0.335335335 1.052221856
0.337337337 0.975373722
0.339339339 0.887043029
0.341341341 1.023333132
0.343343343 0.881406784
0.345345345 0.952409837
0.347347347 1.004624186
0.349349349 0.910191601
0.351351351 0.940118148
0.353353353 0.963311075
0.355355355 1.079117400
0.357357357 0.989953363
0.359359359 0.938885367
0.361361361 0.949748357
0.363363363 0.946877082
0.365365365 1.042515473
0.367367367 0.947462799
0.369369369 0.917431398
0.371371371 0.979775341
0.373373373 0.960059136
0.375375375 1.013727216
0.377377377 1.024090345
0.379379379 1.032136626
0.381381381 1.006122751
0.383383383 1.005623544
0.385385385 1.082240796
0.387387387 0.898812190
0.389389389 0.947940537
0.391391391 0.867436492
0.393393393 1.024660764
0.395395395 0.971142697
0.397397397 0.952239662
0.399399399 0.867284467
0.401401401 0.981892783
0.403403403 0.955640545
0.405405405 0.890270958
0.407407407 0.902441827
0.409409409 0.926495496
0.411411411 0.957519353
0.413413413 0.873930551
0.415415415 0.962252303
0.417417417 1.010424814
0.419419419 0.951191436
0.421421421 0.932214599
0.423423423 0.992645432
0.425425425 1.040760837
0.427427427 0.948194141
0.429429429 0.947279119
0.431431431 0.889420543
0.433433433 0.917191473
0.435435435 1.012489537
0.437437437 0.969594810
0.439439439 1.022562830
0.441441441 1.017154907
0.443443443 0.999776905
0.445445445 1.023494813
0.447447447 1.069166684
0.449449449 1.012627556
0.451451451 1.003833250
0.453453453 0.975952843
0.455455455 0.904243851
0.457457457 0.948730592
0.459459459 0.998823993
0.461461461 0.912829927
0.463463463 1.007846027
0.465465465 0.999348633
0.467467467 0.986227323
0.469469469 0.998543601
0.471471471 0.982115778
0.473473473 0.979589282
0.475475475 0.980610698
0.477477477 1.037124520
0.479479479 0.976149770
0.481481481 0.823322945
0.483483483 0.952836190
0.485485485 0.993974407
0.487487487 1.040008171
0.489489489 1.065450507
0.491491491 0.926347054
0.493493493 1.028688436
0.495495495 0.997510729
0.497497497 0.970929949
0.499499499 0.985111290
0.501501502 0.982133806
0.503503504 0.992430931
0.505505506 0.998452467
0.507507508 0.944090113
0.509509510 0.921866626
0.511511512 1.042694092
0.513513514 0.971742068
0.515515516 1.069976898
0.517517518 0.929828781
0.519519520 0.949804734
0.521521522 1.070900904
0.523523524 1.070250045
0.525525526 0.924220786
0.527527528 0.998516869
0.529529530 1.066756199
0.531531532 1.066414002
0.533533534 0.909516936
0.535535536 1.083870928
0.537537538 1.026622922
0.539539540 1.000719191
0.541541542 0.973696153
0.543543544 0.929421658
0.545545546 0.993231126
0.547547548 0.972273163
0.549549550 1.126430343
0.551551552 0.999369694
0.553553554 0.977703849
0.555555556 0.987406682
0.557557558 0.951622798
0.559559560 1.112832163
0.561561562 1.026881080
0.563563564 0.993287160
0.565565566 1.056321880
0.567567568 0.987068953
0.569569570 0.983321019
0.571571572 0.955916430
0.573573574 0.952509933
0.575575576 1.085837840
0.577577578 1.035797688
0.579579580 0.995025843
0.581581582 1.092191830
0.583583584 0.991467351
0.585585586 1.007569533
0.587587588 0.905089278
0.589589590 1.018914550
0.591591592 0.903672554
0.593593594 0.931327126
0.595595596 1.047697612
0.597597598 1.011917894
0.599599600 0.938615890
0.601601602 0.967172214
0.603603604 1.006551801
0.605605606 1.004471738
0.607607608 0.888687112
0.609609610 0.919130355
0.611611612 0.885201775
0.613613614 0.987326835
0.615615616 0.888508011
0.617617618 1.033985187
0.619619620 0.931640500
0.621621622 0.925678105
0.623623624 1.099591326
0.625625626 1.121993694
0.627627628 0.943185813
0.629629630 0.990210229
0.631631632 1.110303117
0.633633634 0.960195514
0.635635636 1.095749300
0.637637638 1.041974114
0.639639640 0.996202394
0.641641642 0.971768144
0.643643644 1.094628146
0.645645646 1.035784755
0.647647648 0.955237464
0.649649650 1.016847492
0.651651652 0.940685874
0.653653654 1.002379014
0.655655656 1.085432766
0.657657658 1.025507822
0.659659660 0.948092899
0.661661662 1.014627049
0.663663664 0.951954027
0.665665666 1.115054389
0.667667668 0.886345979
0.669669670 0.954469093
0.671671672 1.040397496
0.673673674 0.944959744
0.675675676 0.995322591
0.677677678 1.033589687
0.679679680 1.069846968
0.681681682 0.938826914
0.683683684 0.984324938
0.685685686 0.966282354
0.687687688 0.987793031
0.689689690 1.016879831
0.691691692 0.957656527
0.693693694 1.042842435
0.695695696 1.020498641
0.697697698 0.966617657
0.699699700 1.011574517
0.701701702 1.054130236
0.703703704 1.054721557
0.705705706 1.035285466
0.707707708 0.991350138
0.709709710 0.958100574
0.711711712 1.008808530
0.713713714 0.967449223
0.715715716 0.975546652
0.717717718 1.051014578
0.719719720 1.082400408
0.721721722 1.031381362
0.723723724 1.118879605
0.725725726 0.903979672
0.727727728 0.997146661
0.729729730 1.001552609
0.731731732 1.092756620
0.733733734 1.026010364
0.735735736 0.976551915
0.737737738 1.029283105
0.739739740 1.034623931
0.741741742 1.007081486
0.743743744 0.874521500
0.745745746 1.057600496
0.747747748 0.786768147
0.749749750 1.002874518
0.751751752 0.903269207
0.753753754 0.975085876
0.755755756 1.080348900
0.757757758 0.965669365
0.759759760 1.111550549
0.761761762 1.043265816
0.763763764 0.981814796
0.765765766 0.942430639
0.767767768 0.966928358
0.769769770 1.019191663
0.771771772 0.854529063
0.773773774 1.033703260
0.775775776 1.013605531
0.777777778 1.046007179
0.779779780 1.119762861
0.781781782 0.977524560
0.783783784 0.938153001
0.785785786 1.067799474
0.787787788 1.050731849
0.789789790 0.988516086
0.791791792 0.961518315
0.793793794 1.012095790
0.795795796 0.929407624
0.797797798 1.001193646
0.799799800 0.958985501
0.801801802 0.948135134
0.803803804 1.055403032
0.805805806 0.999178607
0.807807808 1.078454926
0.809809810 0.932237772
0.811811812 1.011866855
0.813813814 0.934710435
0.815815816 1.034634369
0.817817818 1.075843005
0.819819820 1.058979708
0.821821822 0.870676238
0.823823824 1.038531515
0.825825826 0.998178598
0.827827828 1.017740363
0.829829830 0.964866788
0.831831832 0.898679756
0.833833834 1.051333352
0.835835836 0.967369041
0.837837838 0.978031207
0.839839840 1.007945893
0.841841842 1.150074747
0.843843844 1.135513320
0.845845846 0.918801138
0.847847848 0.969497484
0.849849850 1.057212968
0.851851852 0.873612652
0.853853854 1.072659707
0.855855856 0.979127382
0.857857858 1.082022733
0.859859860 0.945295269
0.861861862 0.942762590
0.863863864 1.136997624
0.865865866 1.033436489
0.867867868 0.979591619
0.869869870 0.936221548
0.871871872 1.064421902
0.873873874 1.018768600
0.875875876 0.862423424
0.877877878 0.944086573
0.879879880 1.176505917
0.881881882 0.997618417
0.883883884 0.878372024
0.885885886 0.945083186
0.887887888 0.973189462
0.889889890 1.040077576
0.891891892 0.988656753
0.893893894 1.004535326
0.895895896 0.997387809
0.897897898 0.940858060
0.899899900 1.068864173
0.901901902 0.976597407
0.903903904 0.970726849
0.905905906 1.010248371
0.907907908 0.994549507
0.909909910 0.967291583
0.911911912 1.006226268
0.913913914 1.125398080
0.915915916 1.031110328
0.917917918 0.959344641
0.919919920 0.946494134
0.921921922 0.984347893
0.923923924 0.904138247
0.925925926 1.108258092
0.927927928 1.010984414
0.929929930 0.928939783
0.931931932 1.005995103
0.933933934 0.912162217
0.935935936 1.033728711
0.937937938 0.987914475
0.939939940 1.001337272
0.941941942 1.020541315
0.943943944 1.050067620
0.945945946 0.950272199
0.947947948 0.910849095
0.949949950 0.992651812
0.951951952 0.949524075
0.953953954 1.024410896
0.955955956 0.887643926
0.957957958 1.050452316
0.959959960 1.017334099
0.961961962 0.932269293
0.963963964 0.979940924
0.965965966 1.049259349
0.967967968 1.144587584
0.969969970 0.977946231
0.971971972 1.081941098
0.973973974 0.947395710
0.975975976 1.011459977
0.977977978 0.986608088
0.979979980 1.019484582
0.981981982 0.969193536
0.983983984 0.913807556
0.985985986 0.982855628
0.987987988 1.025492576
0.989989990 0.968754747
0.991991992 0.988072937
0.993993994 1.023264105
0.995995996 1.031508069
0.997997998 0.955148870
1.000000000 0.983072112
